[gd_scene load_steps=3 format=2]

[ext_resource path="res://Addons/physics_assets/Scene/PhysicsAssetScene.tscn" type="PackedScene" id=1]
[ext_resource path="res://Addons/physics_assets/CustomTypes/CombinedSkeleton.gd" type="Script" id=2]

[node name="PhysicsAssetScene_root" instance=ExtResource( 1 )]

[node name="CombinedSkeleton" type="Skeleton" parent="." index="1"]
transform = Transform( 0.01, 0, 0, 0, 0.01, 0, 0, 0, 0.01, 0, 0, 0 )
bones/0/name = "RootMotion"
bones/0/parent = -1
bones/0/rest = Transform( 1, 0, 1.77636e-14, -1.77636e-14, 0, 1, 0, -1, 0, 0, 0, 0 )
bones/0/enabled = true
bones/0/bound_children = [  ]
bones/1/name = "pelvis"
bones/1/parent = 0
bones/1/rest = Transform( 2.98023e-07, -6.95512e-06, -1, 0.0779941, 0.996954, -6.91041e-06, 0.996954, -0.0779941, 8.34465e-07, 1.56989e-09, 1.05614, 96.7506 )
bones/1/enabled = true
bones/1/bound_children = [  ]
bones/2/name = "spine_01"
bones/2/parent = 1
bones/2/rest = Transform( 0.980017, 0.198912, -7.55183e-08, -0.198912, 0.980017, 7.02322e-06, 1.47101e-06, -6.86785e-06, 1, 14.1797, 3.81468e-06, 2.17136e-06 )
bones/2/enabled = true
bones/2/bound_children = [  ]
bones/3/name = "spine_02"
bones/3/parent = 2
bones/3/rest = Transform( 0.965926, -0.25882, -1.27275e-08, 0.25882, 0.965926, 2.9762e-08, 4.59079e-09, -3.2042e-08, 1, 13.8963, 2.82049, 1.21724e-06 )
bones/3/enabled = true
bones/3/bound_children = [  ]
bones/4/name = "spine_03"
bones/4/parent = 3
bones/4/rest = Transform( 1, -5.88596e-07, -2.29279e-10, 5.88596e-07, 1, 3.2843e-11, 2.29279e-10, -3.28431e-11, 1, 14.1528, -0.87225, 1.13689e-06 )
bones/4/enabled = true
bones/4/bound_children = [  ]
bones/5/name = "clavicle_l"
bones/5/parent = 4
bones/5/rest = Transform( -0.106281, 0.207134, 0.972522, 0.459598, 0.877547, -0.136679, -0.881745, 0.432443, -0.188465, 12.6897, -3.41281, -3.78198 )
bones/5/enabled = true
bones/5/bound_children = [  ]
bones/6/name = "upperarm_l"
bones/6/parent = 5
bones/6/rest = Transform( 0.728974, 0.154506, 0.666877, -0.27694, 0.957476, 0.0808932, -0.62602, -0.243654, 0.740764, 15.7849, 3.33786e-06, -4.29577e-08 )
bones/6/enabled = true
bones/6/bound_children = [  ]
bones/7/name = "lowerarm_l"
bones/7/parent = 6
bones/7/rest = Transform( 0.84869, 0.52889, -0.000676373, -0.52889, 0.848691, 0.000157694, 0.000657434, 0.000223893, 1, 30.34, 9.53674e-07, 0.0128436 )
bones/7/enabled = true
bones/7/bound_children = [  ]
bones/8/name = "hand_l"
bones/8/parent = 7
bones/8/rest = Transform( 0.999005, -0.0409518, 0.0176648, 0.00297883, 0.456462, 0.889738, -0.0444997, -0.8888, 0.45613, 26.9752, 1.23382e-05, -0.00807061 )
bones/8/enabled = true
bones/8/bound_children = [  ]
bones/9/name = "index_01_l"
bones/9/parent = 8
bones/9/rest = Transform( 0.900345, -0.431921, 0.0531245, 0.430163, 0.864841, -0.258862, 0.0658637, 0.255917, 0.964452, 12.0686, 1.76344, -2.10648 )
bones/9/enabled = true
bones/9/bound_children = [  ]
bones/10/name = "index_02_l"
bones/10/parent = 9
bones/10/rest = Transform( 0.978164, -0.207805, -0.00338106, 0.207662, 0.977892, -0.0245876, 0.00841572, 0.0233486, 0.999692, 4.28749, -1.21593e-05, -7.62939e-06 )
bones/10/enabled = true
bones/10/bound_children = [  ]
bones/11/name = "index_03_l"
bones/11/parent = 10
bones/11/rest = Transform( 0.986145, 0.165292, 0.01401, -0.164956, 0.986046, -0.0224453, -0.0175245, 0.0198233, 0.99965, 3.39383, 1.52588e-05, -0.000409603 )
bones/11/enabled = true
bones/11/bound_children = [  ]
bones/12/name = "middle_01_l"
bones/12/parent = 8
bones/12/rest = Transform( 0.914743, -0.391502, -0.0998528, 0.385033, 0.919581, -0.0782352, 0.122452, 0.0331185, 0.991922, 12.2441, 1.29362, 0.57413 )
bones/12/enabled = true
bones/12/bound_children = [  ]
bones/13/name = "middle_02_l"
bones/13/parent = 12
bones/13/rest = Transform( 0.976935, -0.213243, 0.0111662, 0.212675, 0.976358, 0.0386702, -0.0191483, -0.0354035, 0.999189, 4.64038, 1.45435e-05, 0.00160217 )
bones/13/enabled = true
bones/13/bound_children = [  ]
bones/14/name = "middle_03_l"
bones/14/parent = 13
bones/14/rest = Transform( 0.961309, 0.264528, -0.0768726, -0.264776, 0.964283, 0.00712317, 0.0760113, 0.0135065, 0.997015, 3.64884, 1.54972e-06, -0.00130558 )
bones/14/enabled = true
bones/14/bound_children = [  ]
bones/15/name = "pinky_01_l"
bones/15/parent = 8
bones/15/rest = Transform( 0.887716, -0.228963, -0.39942, 0.326396, 0.924845, 0.195261, 0.324695, -0.303706, 0.895732, 10.1395, 2.26313, 4.64561 )
bones/15/enabled = true
bones/15/bound_children = [  ]
bones/16/name = "pinky_02_l"
bones/16/parent = 15
bones/16/rest = Transform( 0.980668, -0.194761, -0.0189131, 0.194325, 0.980675, -0.0226728, 0.0229634, 0.0185592, 0.999564, 3.571, 4.56348e-07, -1.19209e-06 )
bones/16/enabled = true
bones/16/bound_children = [  ]
bones/17/name = "pinky_03_l"
bones/17/parent = 16
bones/17/rest = Transform( 0.997556, -0.0176026, 0.0676167, 0.0180868, 0.999815, -0.00655672, -0.0674888, 0.00776367, 0.99769, 2.98564, -1.89114e-05, -1.45733e-05 )
bones/17/enabled = true
bones/17/bound_children = [  ]
bones/18/name = "ring_01_l"
bones/18/parent = 8
bones/18/rest = Transform( 0.901534, -0.343516, -0.263123, 0.388209, 0.910694, 0.141174, 0.191129, -0.22942, 0.954377, 11.4972, 1.75351, 2.8497 )
bones/18/enabled = true
bones/18/bound_children = [  ]
bones/19/name = "ring_02_l"
bones/19/parent = 18
bones/19/rest = Transform( 0.972712, -0.230459, -0.0268442, 0.230217, 0.973067, -0.0118279, 0.0288471, 0.0053251, 0.99957, 4.43018, 9.913e-06, -0.0013299 )
bones/19/enabled = true
bones/19/bound_children = [  ]
bones/20/name = "ring_03_l"
bones/20/parent = 19
bones/20/rest = Transform( 0.973438, 0.22292, 0.0522083, -0.222941, 0.974817, -0.00549765, -0.052119, -0.00628773, 0.998621, 3.47665, -2.98023e-06, 7.15256e-07 )
bones/20/enabled = true
bones/20/bound_children = [  ]
bones/21/name = "thumb_01_l"
bones/21/parent = 8
bones/21/rest = Transform( 0.712223, 0.572852, 0.405683, 0.363471, 0.193462, -0.911297, -0.600523, 0.7965, -0.0704268, 4.76261, 2.37495, -2.53668 )
bones/21/enabled = true
bones/21/bound_children = [  ]
bones/22/name = "thumb_02_l"
bones/22/parent = 21
bones/22/rest = Transform( 0.951024, -0.256616, 0.172342, 0.257525, 0.966114, 0.0174523, -0.17098, 0.0277849, 0.984882, 3.86969, -1.35899e-05, -0.00081563 )
bones/22/enabled = true
bones/22/bound_children = [  ]
bones/23/name = "thumb_03_l"
bones/23/parent = 22
bones/23/rest = Transform( 0.976691, 0.214648, -0.000876578, -0.214486, 0.975783, -0.0429382, -0.00836123, 0.0421254, 0.999077, 4.06215, -1.43051e-05, 1.85966e-05 )
bones/23/enabled = true
bones/23/bound_children = [  ]
bones/24/name = "clavicle_r"
bones/24/parent = 4
bones/24/rest = Transform( 0.106282, -0.207136, -0.972522, -0.459598, -0.877547, 0.13668, -0.881745, 0.432442, -0.188466, 12.6898, -3.41283, 3.782 )
bones/24/enabled = true
bones/24/bound_children = [  ]
bones/25/name = "upperarm_r"
bones/25/parent = 24
bones/25/rest = Transform( 0.729819, 0.154508, 0.665951, -0.276838, 0.957476, 0.081243, -0.62508, -0.243653, 0.741558, -15.7848, 3.33786e-06, -1.49313e-05 )
bones/25/enabled = true
bones/25/bound_children = [  ]
bones/26/name = "lowerarm_r"
bones/26/parent = 25
bones/26/rest = Transform( 0.84869, 0.52889, -0.000138395, -0.52889, 0.84869, 0.000612443, 0.00044137, -0.000446579, 1, -30.34, 1.81198e-05, 0.0255971 )
bones/26/enabled = true
bones/26/bound_children = [  ]
bones/27/name = "hand_r"
bones/27/parent = 26
bones/27/rest = Transform( 0.998971, -0.0417145, 0.0178129, 0.0031954, 0.456458, 0.889739, -0.0452459, -0.888766, 0.456122, -26.9752, 2.17259e-05, 0.0312573 )
bones/27/enabled = true
bones/27/bound_children = [  ]
bones/28/name = "index_01_r"
bones/28/parent = 27
bones/28/rest = Transform( 0.900374, -0.431835, 0.0533451, 0.430136, 0.864853, -0.258869, 0.0656529, 0.256024, 0.964438, -12.0679, -1.76373, 2.10943 )
bones/28/enabled = true
bones/28/bound_children = [  ]
bones/29/name = "index_02_r"
bones/29/parent = 28
bones/29/rest = Transform( 0.978165, -0.207804, -0.003246, 0.207664, 0.977892, -0.0245612, 0.00827814, 0.0233508, 0.999693, -4.28767, 1.33514e-05, -1.33514e-05 )
bones/29/enabled = true
bones/29/bound_children = [  ]
bones/30/name = "index_03_r"
bones/30/parent = 29
bones/30/rest = Transform( 0.986152, 0.165264, 0.0138887, -0.164931, 0.98605, -0.0224469, -0.0174046, 0.0198454, 0.999651, -3.39376, 3.33786e-06, -1.19209e-06 )
bones/30/enabled = true
bones/30/bound_children = [  ]
bones/31/name = "middle_01_r"
bones/31/parent = 27
bones/31/rest = Transform( 0.914728, -0.391519, -0.0999267, 0.38503, 0.919571, -0.0783681, 0.122572, 0.0332107, 0.991904, -12.2441, -1.29373, -0.571115 )
bones/31/enabled = true
bones/31/bound_children = [  ]
bones/32/name = "middle_02_r"
bones/32/parent = 31
bones/32/rest = Transform( 0.97693, -0.213232, 0.0118597, 0.212638, 0.976363, 0.0387436, -0.0198407, -0.035328, 0.999179, -4.64054, 5.36442e-06, 1.43051e-06 )
bones/32/enabled = true
bones/32/bound_children = [  ]
bones/33/name = "middle_03_r"
bones/33/parent = 32
bones/33/rest = Transform( 0.961266, 0.264529, -0.0774139, -0.264782, 0.964282, 0.00716818, 0.076545, 0.0136072, 0.996973, -3.64892, 1.01328e-05, -2.38419e-06 )
bones/33/enabled = true
bones/33/bound_children = [  ]
bones/34/name = "pinky_01_r"
bones/34/parent = 27
bones/34/rest = Transform( 0.887635, -0.229057, -0.399546, 0.326493, 0.924838, 0.195135, 0.324818, -0.303658, 0.895704, -10.1406, -2.26335, -4.64309 )
bones/34/enabled = true
bones/34/bound_children = [  ]
bones/35/name = "pinky_02_r"
bones/35/parent = 34
bones/35/rest = Transform( 0.980703, -0.194623, -0.0185329, 0.194194, 0.980701, -0.0226762, 0.0225885, 0.0186396, 0.999571, -3.57106, 4.73391e-06, 0.00137475 )
bones/35/enabled = true
bones/35/bound_children = [  ]
bones/36/name = "pinky_03_r"
bones/36/parent = 35
bones/36/rest = Transform( 0.997573, -0.0177141, 0.0673335, 0.0181962, 0.999813, -0.00655411, -0.0672048, 0.00776342, 0.997709, -2.98541, 3.19481e-05, -8.73208e-06 )
bones/36/enabled = true
bones/36/bound_children = [  ]
bones/37/name = "ring_01_r"
bones/37/parent = 27
bones/37/rest = Transform( 0.901664, -0.343556, -0.262626, 0.388151, 0.910701, 0.141287, 0.190633, -0.229332, 0.954498, -11.4979, -1.75379, -2.84691 )
bones/37/enabled = true
bones/37/bound_children = [  ]
bones/38/name = "ring_02_r"
bones/38/parent = 37
bones/38/rest = Transform( 0.972699, -0.230479, -0.0271371, 0.230235, 0.973063, -0.0118295, 0.0291326, 0.00525865, 0.999562, -4.42984, 2.94521e-05, 9.29832e-06 )
bones/38/enabled = true
bones/38/bound_children = [  ]
bones/39/name = "ring_03_r"
bones/39/parent = 38
bones/39/rest = Transform( 0.973433, 0.222942, 0.0522031, -0.222961, 0.974811, -0.00551977, -0.0521188, -0.00626616, 0.998621, -3.47665, 1.13547e-05, -8.10623e-06 )
bones/39/enabled = true
bones/39/bound_children = [  ]
bones/40/name = "thumb_01_r"
bones/40/parent = 27
bones/40/rest = Transform( 0.71178, 0.573072, 0.40615, 0.364086, 0.193471, -0.911049, -0.600675, 0.79634, -0.0709388, -4.76211, -2.37514, 2.5378 )
bones/40/enabled = true
bones/40/bound_children = [  ]
bones/41/name = "thumb_02_r"
bones/41/parent = 40
bones/41/rest = Transform( 0.951132, -0.256667, 0.171668, 0.257556, 0.966106, 0.0174646, -0.170332, 0.027603, 0.985, -3.86958, -1.50204e-05, -0.00179958 )
bones/41/enabled = true
bones/41/bound_children = [  ]
bones/42/name = "thumb_03_r"
bones/42/parent = 41
bones/42/rest = Transform( 0.976692, 0.214644, -0.000884434, -0.214484, 0.975783, -0.0429494, -0.00835583, 0.042138, 0.999077, -4.06213, 7.62939e-06, -2.28882e-05 )
bones/42/enabled = true
bones/42/bound_children = [  ]
bones/43/name = "neck_01"
bones/43/parent = 4
bones/43/rest = Transform( 0.990268, 0.139174, -2.49053e-07, -0.139174, 0.990268, -9.23656e-08, 2.33774e-07, 1.26128e-07, 1, 20.466, -1.41257, 9.11374e-06 )
bones/43/enabled = true
bones/43/bound_children = [  ]
bones/44/name = "head"
bones/44/parent = 43
bones/44/rest = Transform( 1, -1.47793e-07, -2.79851e-14, 1.47793e-07, 1, -3.66552e-11, 2.79905e-14, 3.66552e-11, 1, 5.70114, 5.87995e-06, -2.58755e-07 )
bones/44/enabled = true
bones/44/bound_children = [  ]
bones/45/name = "c_cheek_inflate_l"
bones/45/parent = 44
bones/45/rest = Transform( -1, 9.19145e-16, 3.57628e-07, -9.19145e-16, -1, 1.75754e-16, 3.57628e-07, 1.75753e-16, 1, 4.86247, -9.14421, -4.51922 )
bones/45/enabled = true
bones/45/bound_children = [  ]
bones/46/name = "c_cheek_inflate_r"
bones/46/parent = 44
bones/46/rest = Transform( 1, 7.38763e-08, -1.51006e-07, 7.39173e-08, -1, 0.000271423, -1.50986e-07, -0.000271423, -1, 4.86247, -9.14421, 4.51943 )
bones/46/enabled = true
bones/46/bound_children = [  ]
bones/47/name = "c_cheek_smile_l"
bones/47/parent = 44
bones/47/rest = Transform( -2.38419e-07, 1, 0, 6.79493e-05, 0, -1, -1, -2.38419e-07, -6.79493e-05, 7.08905, -10.4923, -5.28738 )
bones/47/enabled = true
bones/47/bound_children = [  ]
bones/48/name = "c_cheek_smile_r"
bones/48/parent = 44
bones/48/rest = Transform( 0, 1, 0, 6.77109e-05, 0, -1, -1, 0, -6.77109e-05, 7.08904, -10.4923, 5.28738 )
bones/48/enabled = true
bones/48/bound_children = [  ]
bones/49/name = "c_ear_01_l"
bones/49/parent = 44
bones/49/rest = Transform( -0.160478, 0.845174, 0.509831, -0.404525, 0.414836, -0.815028, -0.900337, -0.337033, 0.275322, 7.4369, -1.65363, -8.08025 )
bones/49/enabled = true
bones/49/bound_children = [  ]
bones/50/name = "c_ear_02_l"
bones/50/parent = 49
bones/50/rest = Transform( 1, -7.67409e-07, -2.60773e-07, 7.67411e-07, 1, 5.75557e-06, 2.60768e-07, -5.75557e-06, 1, -4.64916e-06, 1.52014, 1.38283e-05 )
bones/50/enabled = true
bones/50/bound_children = [  ]
bones/51/name = "c_ear_01_r"
bones/51/parent = 44
bones/51/rest = Transform( 0.160478, 0.845172, 0.509834, 0.404526, 0.414839, -0.815026, -0.900336, 0.337034, -0.275322, 7.43691, -1.65363, 8.08025 )
bones/51/enabled = true
bones/51/bound_children = [  ]
bones/52/name = "c_ear_02_r"
bones/52/parent = 51
bones/52/rest = Transform( 1, 2.16065e-07, 8.60543e-07, -2.16069e-07, 1, 5.37932e-06, -8.60542e-07, -5.37932e-06, 1, 1.29938e-05, 1.52021, 1.4782e-05 )
bones/52/enabled = true
bones/52/bound_children = [  ]
bones/53/name = "c_eye_offset_l"
bones/53/parent = 44
bones/53/rest = Transform( 3.57628e-07, 1.50786e-15, 1, -6.63324e-16, -1, 1.50786e-15, 1, -6.63325e-16, -3.57628e-07, 9.72723, -8.94563, -3.3927 )
bones/53/enabled = true
bones/53/bound_children = [  ]
bones/54/name = "c_eye_l"
bones/54/parent = 53
bones/54/rest = Transform( 1, 2.27374e-11, 3.41105e-08, -2.27373e-11, 1, -1.27329e-09, -3.41105e-08, 1.27329e-09, 1, 1.12717e-07, -4.60134e-07, 1.60715e-05 )
bones/54/enabled = true
bones/54/bound_children = [  ]
bones/55/name = "c_eye_ref_track_l"
bones/55/parent = 53
bones/55/rest = Transform( 1, 2.27374e-11, 3.41105e-08, -2.27373e-11, 1, -1.27329e-09, -3.41105e-08, 1.27329e-09, 1, 1.12717e-07, -4.60134e-07, 1.60715e-05 )
bones/55/enabled = true
bones/55/bound_children = [  ]
bones/56/name = "c_eyelid_corner_01_l"
bones/56/parent = 53
bones/56/rest = Transform( 0.735792, 0.65761, -0.161741, -0.607202, 0.746391, 0.272409, 0.299861, -0.102227, 0.94849, 1.12717e-07, -4.60134e-07, 1.60715e-05 )
bones/56/enabled = true
bones/56/bound_children = [  ]
bones/57/name = "c_eyelid_corner_02_l"
bones/57/parent = 53
bones/57/rest = Transform( -0.17608, -0.910886, -0.373207, -0.706563, 0.380929, -0.596374, 0.685394, 0.158685, -0.710672, 1.12717e-07, -4.60134e-07, 1.60715e-05 )
bones/57/enabled = true
bones/57/bound_children = [  ]
bones/58/name = "eyelid_bot_l"
bones/58/parent = 53
bones/58/rest = Transform( 1, -9.68013e-08, 1.32169e-06, -4.50129e-07, 0.913225, 0.407457, -1.24644e-06, -0.407457, 0.913225, 1.12717e-07, -4.60134e-07, 1.60715e-05 )
bones/58/enabled = true
bones/58/bound_children = [  ]
bones/59/name = "c_eyelid_bot_01_l"
bones/59/parent = 58
bones/59/rest = Transform( 0.917211, 0.324886, -0.230594, -0.329188, 0.944038, 0.0206844, 0.224409, 0.0569368, 0.97283, 9.93095e-08, 7.16944e-06, -4.21418e-06 )
bones/59/enabled = true
bones/59/bound_children = [  ]
bones/60/name = "c_eyelid_bot_02_l"
bones/60/parent = 58
bones/60/rest = Transform( 0.927432, -0.238183, 0.288337, 0.227579, 0.97122, 0.0702772, -0.296778, 0.000442248, 0.954946, 9.93095e-08, 7.16944e-06, -4.21418e-06 )
bones/60/enabled = true
bones/60/bound_children = [  ]
bones/61/name = "c_eyelid_bot_03_l"
bones/61/parent = 58
bones/61/rest = Transform( 0.146626, -0.721771, 0.676422, 0.230751, 0.689905, 0.686138, -0.961902, 0.0554795, 0.267708, 9.93095e-08, 7.16944e-06, -4.21418e-06 )
bones/61/enabled = true
bones/61/bound_children = [  ]
bones/62/name = "eyelid_top_l"
bones/62/parent = 53
bones/62/rest = Transform( 1, 8.70237e-08, 8.48953e-07, 2.29841e-07, 0.930566, -0.366124, -8.21868e-07, 0.366124, 0.930566, 1.12717e-07, -4.60134e-07, 1.60715e-05 )
bones/62/enabled = true
bones/62/bound_children = [  ]
bones/63/name = "c_eyelid_top_01_l"
bones/63/parent = 62
bones/63/rest = Transform( 0.914133, 0.354537, 0.196634, -0.368006, 0.929143, 0.0355476, -0.170099, -0.104858, 0.979832, -2.26558e-07, 4.54925e-06, -1.18109e-06 )
bones/63/enabled = true
bones/63/bound_children = [  ]
bones/64/name = "c_eyelid_top_02_l"
bones/64/parent = 62
bones/64/rest = Transform( 0.977936, -0.140898, -0.154237, 0.139312, 0.990024, -0.021097, 0.155671, -0.000855635, 0.987809, -2.26558e-07, 4.54925e-06, -1.18109e-06 )
bones/64/enabled = true
bones/64/bound_children = [  ]
bones/65/name = "c_eyelid_top_03_l"
bones/65/parent = 62
bones/65/rest = Transform( 0.36829, -0.716755, -0.592135, 0.249513, 0.689738, -0.679709, 0.895603, 0.102584, 0.432863, -2.26558e-07, 4.54925e-06, -1.18109e-06 )
bones/65/enabled = true
bones/65/bound_children = [  ]
bones/66/name = "c_eye_offset_r"
bones/66/parent = 44
bones/66/rest = Transform( -3.57628e-07, 6.74408e-16, 1, 7.18049e-16, -1, 6.74409e-16, 1, 7.1805e-16, 3.57628e-07, 9.72723, -8.94563, 3.3927 )
bones/66/enabled = true
bones/66/bound_children = [  ]
bones/67/name = "c_eye_r"
bones/67/parent = 66
bones/67/rest = Transform( 1, 2.27374e-11, -3.28865e-08, -2.27375e-11, 1, -1.27329e-09, 3.28865e-08, 1.27329e-09, 1, -1.50458e-07, -4.9967e-07, 3.13303e-05 )
bones/67/enabled = true
bones/67/bound_children = [  ]
bones/68/name = "c_eye_ref_track_r"
bones/68/parent = 66
bones/68/rest = Transform( 1, 2.27374e-11, -3.28865e-08, -2.27375e-11, 1, -1.27329e-09, 3.28865e-08, 1.27329e-09, 1, -1.50458e-07, -4.9967e-07, 3.13303e-05 )
bones/68/enabled = true
bones/68/bound_children = [  ]
bones/69/name = "c_eyelid_corner_01_r"
bones/69/parent = 66
bones/69/rest = Transform( 0.735814, -0.657584, 0.161741, 0.607181, 0.746413, 0.272396, -0.299849, -0.102227, 0.948494, -1.50458e-07, -4.9967e-07, 3.13303e-05 )
bones/69/enabled = true
bones/69/bound_children = [  ]
bones/70/name = "c_eyelid_corner_02_r"
bones/70/parent = 66
bones/70/rest = Transform( -0.17608, 0.910886, 0.373207, 0.706563, 0.380929, -0.596374, -0.685394, 0.158685, -0.710672, -1.50458e-07, -4.9967e-07, 3.13303e-05 )
bones/70/enabled = true
bones/70/bound_children = [  ]
bones/71/name = "eyelid_bot_r"
bones/71/parent = 66
bones/71/rest = Transform( 1, 9.74835e-08, -1.32311e-06, 4.50086e-07, 0.913225, 0.407457, 1.24802e-06, -0.407457, 0.913225, -1.50458e-07, -4.9967e-07, 3.13303e-05 )
bones/71/enabled = true
bones/71/bound_children = [  ]
bones/72/name = "c_eyelid_bot_01_r"
bones/72/parent = 71
bones/72/rest = Transform( 0.917211, -0.324886, 0.230594, 0.329188, 0.944038, 0.0206844, -0.224409, 0.0569367, 0.97283, 1.39002e-07, 6.18198e-06, -1.13567e-06 )
bones/72/enabled = true
bones/72/bound_children = [  ]
bones/73/name = "c_eyelid_bot_02_r"
bones/73/parent = 71
bones/73/rest = Transform( 0.927432, 0.238183, -0.288337, -0.227579, 0.97122, 0.0702774, 0.296778, 0.000442173, 0.954947, 1.39002e-07, 6.18198e-06, -1.13567e-06 )
bones/73/enabled = true
bones/73/bound_children = [  ]
bones/74/name = "c_eyelid_bot_03_r"
bones/74/parent = 71
bones/74/rest = Transform( 0.146626, 0.721771, -0.676422, -0.230751, 0.689905, 0.686138, 0.961902, 0.0554795, 0.267708, 1.39002e-07, 6.18198e-06, -1.13567e-06 )
bones/74/enabled = true
bones/74/bound_children = [  ]
bones/75/name = "eyelid_top_r"
bones/75/parent = 66
bones/75/rest = Transform( 1, -8.75636e-08, -8.50438e-07, -2.29883e-07, 0.930566, -0.366124, 8.23448e-07, 0.366124, 0.930566, -1.50458e-07, -4.9967e-07, 3.13303e-05 )
bones/75/enabled = true
bones/75/bound_children = [  ]
bones/76/name = "c_eyelid_top_01_r"
bones/76/parent = 75
bones/76/rest = Transform( 0.914133, -0.354538, -0.196634, 0.368006, 0.929144, 0.0355477, 0.170099, -0.104858, 0.979832, 2.26837e-07, 6.41798e-06, -2.02451e-05 )
bones/76/enabled = true
bones/76/bound_children = [  ]
bones/77/name = "c_eyelid_top_02_r"
bones/77/parent = 75
bones/77/rest = Transform( 0.977936, 0.140898, 0.154237, -0.139312, 0.990024, -0.021097, -0.155671, -0.000855622, 0.987809, 2.26837e-07, 6.41798e-06, -2.02451e-05 )
bones/77/enabled = true
bones/77/bound_children = [  ]
bones/78/name = "c_eyelid_top_03_r"
bones/78/parent = 75
bones/78/rest = Transform( 0.368241, 0.716831, 0.592074, -0.249483, 0.689654, -0.679806, -0.895632, 0.10262, 0.432795, 2.26837e-07, 6.41798e-06, -2.02451e-05 )
bones/78/enabled = true
bones/78/bound_children = [  ]
bones/79/name = "c_eyebrow_full_l"
bones/79/parent = 44
bones/79/rest = Transform( 7.15256e-07, 1, 5.96046e-08, -6.88434e-05, -1.19209e-07, 1, 1, -7.7486e-07, 6.87838e-05, 15.0871, -11.3143, -5.08578 )
bones/79/enabled = true
bones/79/bound_children = [  ]
bones/80/name = "c_eyebrow_01_end_l"
bones/80/parent = 79
bones/80/rest = Transform( -4.76837e-07, 7.85958e-07, -1, 3.97904e-13, 1, 7.85958e-07, 1, 0, -4.76837e-07, 2.96421, -2.43858, -1.02461 )
bones/80/enabled = true
bones/80/bound_children = [  ]
bones/81/name = "c_eyebrow_01_l"
bones/81/parent = 79
bones/81/rest = Transform( -8.34465e-07, 1.17894e-07, -1, 3.9298e-08, 1, 1.17894e-07, 1, -3.92979e-08, -8.34465e-07, 1.66317, -2.29362, -0.582579 )
bones/81/enabled = true
bones/81/bound_children = [  ]
bones/82/name = "c_eyebrow_02_l"
bones/82/parent = 79
bones/82/rest = Transform( -3.57628e-07, 7.41459e-07, -1, 2.85333e-08, 1, 7.4146e-07, 1, -2.85331e-08, -3.57628e-07, -1.66106e-06, -2.25219, 1.58811e-06 )
bones/82/enabled = true
bones/82/bound_children = [  ]
bones/83/name = "c_eyebrow_03_l"
bones/83/parent = 79
bones/83/rest = Transform( -3.57628e-07, 7.4666e-07, -1, 1.98952e-13, 1, 7.4666e-07, 1, 5.68434e-14, -3.57628e-07, -1.29065, -2.39715, 1.29882 )
bones/83/enabled = true
bones/83/bound_children = [  ]
bones/84/name = "c_eyebrow_full_r"
bones/84/parent = 44
bones/84/rest = Transform( 7.15256e-07, 1, 5.96046e-08, -6.71744e-05, -1.19209e-07, 1, 1, -7.7486e-07, 6.71148e-05, 15.0871, -11.3143, 5.08578 )
bones/84/enabled = true
bones/84/bound_children = [  ]
bones/85/name = "c_eyebrow_01_end_r"
bones/85/parent = 84
bones/85/rest = Transform( 5.36442e-07, 7.85957e-08, 1, -5.68434e-14, 1, -7.85957e-08, -1, -1.77636e-14, 5.36442e-07, -2.96407, -2.43857, -1.02521 )
bones/85/enabled = true
bones/85/bound_children = [  ]
bones/86/name = "c_eyebrow_01_r"
bones/86/parent = 84
bones/86/rest = Transform( 5.36442e-07, 5.10873e-07, 1, -3.92982e-08, 1, -5.10873e-07, -1, -3.92979e-08, 5.36442e-07, -1.6631, -2.29361, -0.582996 )
bones/86/enabled = true
bones/86/bound_children = [  ]
bones/87/name = "c_eyebrow_02_r"
bones/87/parent = 84
bones/87/rest = Transform( -1.19209e-07, 7.41459e-07, 1, -2.85343e-08, 1, -7.41459e-07, -1, -2.85345e-08, -1.19209e-07, -3.19544e-06, -2.25219, 7.37734e-07 )
bones/87/enabled = true
bones/87/bound_children = [  ]
bones/88/name = "c_eyebrow_03_r"
bones/88/parent = 84
bones/88/rest = Transform( 0, 7.4666e-07, 1, -5.68434e-14, 1, -7.4666e-07, -1, -8.52651e-14, 0, 1.29047, -2.39715, 1.29899 )
bones/88/enabled = true
bones/88/bound_children = [  ]
bones/89/name = "c_jawbone.x"
bones/89/parent = 44
bones/89/rest = Transform( -0.000204325, -0.440631, -0.897689, 0.000100002, -0.897689, 0.440631, -1, 2.83122e-07, 0.000227571, 4.56088, -2.32295, -2.0773e-07 )
bones/89/enabled = true
bones/89/bound_children = [  ]
bones/90/name = "c_chin_01.x"
bones/90/parent = 89
bones/90/rest = Transform( -1, -0.000100179, -0.000203865, -1.00517e-07, 0.897688, -0.440631, 0.000227149, -0.440631, -0.897688, -0.000184889, 9.88754, -0.813122 )
bones/90/enabled = true
bones/90/bound_children = [  ]
bones/91/name = "c_chin_02.x"
bones/91/parent = 89
bones/91/rest = Transform( -1, -0.000100179, -0.000203865, -1.00503e-07, 0.897688, -0.440631, 0.000227149, -0.440631, -0.897689, -1.5813e-09, 10.3508, -1.95503e-05 )
bones/91/enabled = true
bones/91/bound_children = [  ]
bones/92/name = "c_lips_bot.x"
bones/92/parent = 89
bones/92/rest = Transform( -3.33786e-05, -0.000203967, -1, 0.897689, -0.440631, 5.99623e-05, -0.440631, -0.897688, 0.000197768, -0.000462788, 10.6098, -2.03533 )
bones/92/enabled = true
bones/92/bound_children = [  ]
bones/93/name = "c_lips_bot_01_l"
bones/93/parent = 89
bones/93/rest = Transform( -3.34978e-05, -0.000203699, -1, 0.897689, -0.440631, 5.97835e-05, -0.44063, -0.897689, 0.00019753, 1.86811, 9.64584, -2.02919 )
bones/93/enabled = true
bones/93/bound_children = [  ]
bones/94/name = "c_lips_bot_01_r"
bones/94/parent = 89
bones/94/rest = Transform( 0.00016737, -0.000204295, 1, -0.897689, -0.44063, 6.01411e-05, 0.44063, -0.897688, -0.000257015, -1.86903, 9.64584, -2.02834 )
bones/94/enabled = true
bones/94/bound_children = [  ]
bones/95/name = "c_lips_bot_l"
bones/95/parent = 89
bones/95/rest = Transform( -3.33786e-05, -0.000203609, -1, 0.897689, -0.440631, 5.97536e-05, -0.440631, -0.897688, 0.000197411, 1.05223, 10.4952, -1.97562 )
bones/95/enabled = true
bones/95/bound_children = [  ]
bones/96/name = "c_lips_bot_r"
bones/96/parent = 89
bones/96/rest = Transform( 0.000167072, -0.000204444, 1, -0.897688, -0.440631, 5.99027e-05, 0.440631, -0.897688, -0.000257254, -1.05313, 10.4952, -1.97515 )
bones/96/enabled = true
bones/96/bound_children = [  ]
bones/97/name = "c_teeth_bot.x"
bones/97/parent = 89
bones/97/rest = Transform( -1, -0.000100179, -0.000193851, -4.51284e-06, 0.897688, -0.440631, 0.00021816, -0.440631, -0.897688, -0.000315053, 7.99411, -1.38311 )
bones/97/enabled = true
bones/97/bound_children = [  ]
bones/98/name = "c_teeth_bot_l"
bones/98/parent = 89
bones/98/rest = Transform( -1, -0.000100161, -0.000189564, -6.38533e-06, 0.897688, -0.440631, 0.000214303, -0.440631, -0.897688, 1.706, 6.96534, -0.884756 )
bones/98/enabled = true
bones/98/bound_children = [  ]
bones/99/name = "c_teeth_bot_r"
bones/99/parent = 89
bones/99/rest = Transform( -1, -0.000100161, -0.000218174, 6.22121e-06, 0.897688, -0.440631, 0.000239986, -0.440631, -0.897688, -1.70623, 6.96533, -0.883997 )
bones/99/enabled = true
bones/99/bound_children = [  ]
bones/100/name = "tong_01.x"
bones/100/parent = 89
bones/100/rest = Transform( -1, -0.00010883, -0.000173063, 5.9021e-05, 0.6568, -0.754065, 0.000195733, -0.754065, -0.6568, -0.000145824, 3.86549, 0.524566 )
bones/100/enabled = true
bones/100/bound_children = [  ]
bones/101/name = "tong_02.x"
bones/101/parent = 100
bones/101/rest = Transform( 1, -1.30238e-06, -2.55954e-06, 2.46503e-06, 0.846539, 0.532326, 1.47346e-06, -0.532326, 0.846539, -7.18137e-09, 2.84365, 3.41555e-05 )
bones/101/enabled = true
bones/101/bound_children = [  ]
bones/102/name = "tong_03.x"
bones/102/parent = 101
bones/102/rest = Transform( 1, -4.84146e-07, 6.74835e-06, -2.38293e-07, 0.994297, 0.106645, -6.76149e-06, -0.106645, 0.994297, -1.11031e-08, 1.66946, -4.46995e-06 )
bones/102/enabled = true
bones/102/bound_children = [  ]
bones/103/name = "c_lips_smile_l"
bones/103/parent = 44
bones/103/rest = Transform( 0, 1, 7.27596e-12, -1, 0, -6.73407e-05, -6.73407e-05, -7.27596e-12, 1, 2.72232, -11.427, -2.54565 )
bones/103/enabled = true
bones/103/bound_children = [  ]
bones/104/name = "c_lips_smile_r"
bones/104/parent = 44
bones/104/rest = Transform( 0, 1, 3.63798e-12, 1, 0, -6.73851e-05, -6.7385e-05, 3.63798e-12, -1, 2.72232, -11.427, 2.54565 )
bones/104/enabled = true
bones/104/bound_children = [  ]
bones/105/name = "c_lips_top.x"
bones/105/parent = 44
bones/105/rest = Transform( 0, 1, 2.49507e-07, -1, 0, -6.72179e-05, -6.72179e-05, -2.49511e-07, 1, 3.31229, -13.1873, -1.53612e-07 )
bones/105/enabled = true
bones/105/bound_children = [  ]
bones/106/name = "c_lips_top_01_l"
bones/106/parent = 44
bones/106/rest = Transform( 0, 1, 3.63798e-12, -1, 0, -6.73499e-05, -6.73499e-05, -7.27596e-12, 1, 3.06004, -12.3025, -1.60481 )
bones/106/enabled = true
bones/106/bound_children = [  ]
bones/107/name = "c_lips_top_01_r"
bones/107/parent = 44
bones/107/rest = Transform( 0, 1, 3.63798e-12, 1, 0, -6.73851e-05, -6.7385e-05, 3.63798e-12, -1, 3.06003, -12.3025, 1.60481 )
bones/107/enabled = true
bones/107/bound_children = [  ]
bones/108/name = "c_lips_top_l"
bones/108/parent = 44
bones/108/rest = Transform( 0, 1, 1.20086e-07, -1, 0, -6.72252e-05, -6.72252e-05, -1.20086e-07, 1, 3.43958, -13.2486, -0.591394 )
bones/108/enabled = true
bones/108/bound_children = [  ]
bones/109/name = "c_lips_top_r"
bones/109/parent = 44
bones/109/rest = Transform( 0, 1, 1.29319e-07, 1, 0, -6.72557e-05, -6.72557e-05, 1.29319e-07, -1, 3.43958, -13.2486, 0.591394 )
bones/109/enabled = true
bones/109/bound_children = [  ]
bones/110/name = "c_nose_01.x"
bones/110/parent = 44
bones/110/rest = Transform( 3.57628e-07, -2.14118e-11, 1, 2.14126e-11, -1, -2.14118e-11, 1, 2.14126e-11, -3.57628e-07, 5.85429, -13.4405, -2.6553e-07 )
bones/110/enabled = true
bones/110/bound_children = [  ]
bones/111/name = "c_nose_02.x"
bones/111/parent = 110
bones/111/rest = Transform( 1, -8.93585e-12, 3.41105e-08, 8.93589e-12, 1, -1.2404e-09, -3.41105e-08, 1.2404e-09, 1, -1.62325e-09, 0.853476, 3.05281e-05 )
bones/111/enabled = true
bones/111/bound_children = [  ]
bones/112/name = "c_nose_03.x"
bones/112/parent = 44
bones/112/rest = Transform( 3.57628e-07, -2.14011e-11, 1, 2.14019e-11, -1, -2.14011e-11, 1, 2.14019e-11, -3.57628e-07, 9.29897, -12.7119, -4.20368e-07 )
bones/112/enabled = true
bones/112/bound_children = [  ]
bones/113/name = "c_teeth_top.x"
bones/113/parent = 44
bones/113/rest = Transform( 1.44243e-05, -2.14008e-11, 1, 2.14018e-11, -1, -2.14011e-11, 1, 2.14021e-11, -1.45435e-05, 4.90178, -10.1632, -2.27431e-07 )
bones/113/enabled = true
bones/113/bound_children = [  ]
bones/114/name = "c_teeth_top_l"
bones/114/parent = 44
bones/114/rest = Transform( 1.44243e-05, 5.19828e-16, 1, -1.40334e-17, -1, 5.19829e-16, 1, -1.40409e-17, -1.45435e-05, 4.90178, -9.02024, -1.7062 )
bones/114/enabled = true
bones/114/bound_children = [  ]
bones/115/name = "c_teeth_top_r"
bones/115/parent = 44
bones/115/rest = Transform( -1.41859e-05, 7.54339e-16, 1, 1.27344e-15, -1, 7.54357e-16, 1, 1.27345e-15, 1.41859e-05, 4.90181, -9.02024, 1.70603 )
bones/115/enabled = true
bones/115/bound_children = [  ]
bones/116/name = "thigh_l"
bones/116/parent = 1
bones/116/rest = Transform( 0.989408, 0.109125, -0.0957283, -0.107693, 0.993983, 0.0200103, 0.0973359, -0.00948908, 0.995206, -1.48737, -0.411432, -9.00581 )
bones/116/enabled = true
bones/116/bound_children = [  ]
bones/117/name = "calf_l"
bones/117/parent = 116
bones/117/rest = Transform( 0.992048, 0.125863, 6.34164e-08, -0.125863, 0.992048, -1.87158e-07, -8.64683e-08, 1.77688e-07, 1, -42.5585, -2.6077e-07, -1.72891e-05 )
bones/117/enabled = true
bones/117/bound_children = [  ]
bones/118/name = "foot_l"
bones/118/parent = 117
bones/118/rest = Transform( 0.987438, -0.118714, 0.104274, 0.124153, 0.991135, -0.0472969, -0.0977346, 0.0596486, 0.993423, -40.1823, -3.80352e-06, -1.2517e-05 )
bones/118/enabled = true
bones/118/bound_children = [  ]
bones/119/name = "ball_l"
bones/119/parent = 118
bones/119/rest = Transform( 0.0322844, 0.999476, 0.0026137, -0.998591, 0.0323659, -0.0420661, -0.0421286, -0.00125193, 0.999112, -10.1161, -16.7863, 0.0126699 )
bones/119/enabled = true
bones/119/bound_children = [  ]
bones/120/name = "thigh_r"
bones/120/parent = 1
bones/120/rest = Transform( -0.989445, -0.109123, 0.0957137, 0.107697, -0.993983, -0.0199947, 0.0973231, -0.00947522, 0.995208, -1.48718, -0.411327, 9.0058 )
bones/120/enabled = true
bones/120/bound_children = [  ]
bones/121/name = "calf_r"
bones/121/parent = 120
bones/121/rest = Transform( 0.992043, 0.125854, 0.00343813, -0.125853, 0.992049, -0.000437576, -0.00346586, 1.39525e-06, 0.999994, 42.5557, -0.000167504, 0.000497425 )
bones/121/enabled = true
bones/121/bound_children = [  ]
bones/122/name = "foot_r"
bones/122/parent = 121
bones/122/rest = Transform( 0.98785, -0.118913, 0.100063, 0.124109, 0.991136, -0.0473928, -0.0935404, 0.0592356, 0.993852, 40.1794, -0.000845987, 0.139719 )
bones/122/enabled = true
bones/122/bound_children = [  ]
bones/123/name = "ball_r"
bones/123/parent = 122
bones/123/rest = Transform( 0.0324007, 0.999474, 0.00127987, -0.999212, 0.0323628, 0.022975, 0.0229215, -0.00202327, 0.999735, 10.1153, 16.7862, -0.0204831 )
bones/123/enabled = true
bones/123/bound_children = [  ]
script = ExtResource( 2 )
resources_list = PoolStringArray( "res://Addons/physics_assets/Resources/Skeleton Data/ARP_Ue_Rig.tres" )
