[gd_resource type="Resource" load_steps=2 format=2]

[ext_resource path="res://Addons/physics_assets/Resources/SkeletonDataResource.gd" type="Script" id=1]

[resource]
script = ExtResource( 1 )
data = {
0: {
"bone_rest_disabled": false,
"custom_pose": Transform( 1, 0, 0, 0, 1, 0, 0, 0, 1, 0, 0, 0 ),
"name": "RootMotion",
"parent": -1,
"parent_name": "",
"pose": Transform( 1, 0, 0, 0, 1, 0, 0, 0, 1, 0, 0, 0 ),
"rest": Transform( 1, 0, 1.77636e-14, -1.77636e-14, 0, 1, 0, -1, 0, 0, 0, 0 )
},
1: {
"bone_rest_disabled": false,
"custom_pose": Transform( 1, 0, 0, 0, 1, 0, 0, 0, 1, 0, 0, 0 ),
"name": "pelvis",
"parent": 0,
"parent_name": "RootMotion",
"pose": Transform( 1, 6.56672e-08, -1.50351e-07, -3.1216e-08, 0.97582, 0.218577, 1.61069e-07, -0.218577, 0.97582, -1.51614, -1.11128, 4.09235 ),
"rest": Transform( 2.98023e-07, -6.95512e-06, -1, 0.0779941, 0.996954, -6.91041e-06, 0.996954, -0.0779941, 8.34465e-07, 1.56989e-09, 1.05614, 96.7506 )
},
2: {
"bone_rest_disabled": false,
"custom_pose": Transform( 1, 0, 0, 0, 1, 0, 0, 0, 1, 0, 0, 0 ),
"name": "spine_01",
"parent": 1,
"parent_name": "pelvis",
"pose": Transform( 0.995132, 0.0984624, -0.00419829, -0.0983558, 0.994936, 0.0206845, 0.00621367, -0.0201708, 0.999777, -2.89738e-05, -3.58187e-06, 7.1439e-08 ),
"rest": Transform( 0.980017, 0.198912, -7.55183e-08, -0.198912, 0.980017, 7.02322e-06, 1.47101e-06, -6.86785e-06, 1, 14.1797, 3.81468e-06, 2.17136e-06 )
},
3: {
"bone_rest_disabled": false,
"custom_pose": Transform( 1, 0, 0, 0, 1, 0, 0, 0, 1, 0, 0, 0 ),
"name": "spine_02",
"parent": 2,
"parent_name": "spine_01",
"pose": Transform( 0.999613, -0.0277959, -2.78598e-09, 0.0277959, 0.999614, 1.86303e-08, 2.26706e-09, -1.87006e-08, 1, -2.18674e-05, 9.29275e-06, -9.71125e-07 ),
"rest": Transform( 0.965926, -0.25882, -1.27275e-08, 0.25882, 0.965926, 2.9762e-08, 4.59079e-09, -3.2042e-08, 1, 13.8963, 2.82049, 1.21724e-06 )
},
4: {
"bone_rest_disabled": false,
"custom_pose": Transform( 1, 0, 0, 0, 1, 0, 0, 0, 1, 0, 0, 0 ),
"name": "spine_03",
"parent": 3,
"parent_name": "spine_02",
"pose": Transform( 1, -1.27148e-06, 0.000396818, -1.28348e-06, 0.999979, 0.00643857, -0.000396818, -0.00643857, 0.999979, 1.00121e-05, -5.93416e-06, -1.53552e-07 ),
"rest": Transform( 1, -5.88596e-07, -2.29279e-10, 5.88596e-07, 1, 3.2843e-11, 2.29279e-10, -3.28431e-11, 1, 14.1528, -0.87225, 1.13689e-06 )
},
5: {
"bone_rest_disabled": false,
"custom_pose": Transform( 1, 0, 0, 0, 1, 0, 0, 0, 1, 0, 0, 0 ),
"name": "clavicle_l",
"parent": 4,
"parent_name": "spine_03",
"pose": Transform( 0.979081, 0.197555, -0.0487128, -0.197773, 0.980248, 0.000349205, 0.0478196, 0.00929219, 0.998813, 2.21644e-07, 5.64233e-06, 5.78914e-06 ),
"rest": Transform( -0.106281, 0.207134, 0.972522, 0.459598, 0.877547, -0.136679, -0.881745, 0.432443, -0.188465, 12.6897, -3.41281, -3.78198 )
},
6: {
"bone_rest_disabled": false,
"custom_pose": Transform( 1, 0, 0, 0, 1, 0, 0, 0, 1, 0, 0, 0 ),
"name": "upperarm_l",
"parent": 5,
"parent_name": "clavicle_l",
"pose": Transform( 0.884606, -0.0160213, 0.466062, 0.0622158, 0.99453, -0.0839006, -0.462168, 0.103216, 0.880765, -2.49424e-05, -1.92633e-05, 7.41266e-06 ),
"rest": Transform( 0.728974, 0.154506, 0.666877, -0.27694, 0.957476, 0.0808932, -0.62602, -0.243654, 0.740764, 15.7849, 3.33786e-06, -4.29577e-08 )
},
7: {
"bone_rest_disabled": false,
"custom_pose": Transform( 1, 0, 0, 0, 1, 0, 0, 0, 1, 0, 0, 0 ),
"name": "lowerarm_l",
"parent": 6,
"parent_name": "upperarm_l",
"pose": Transform( 0.976391, -0.216011, 7.22389e-06, 0.216011, 0.976391, -6.4379e-05, 6.85321e-06, 6.44195e-05, 1, -1.25796e-05, -6.33451e-06, -5.63296e-06 ),
"rest": Transform( 0.84869, 0.52889, -0.000676373, -0.52889, 0.848691, 0.000157694, 0.000657434, 0.000223893, 1, 30.34, 9.53674e-07, 0.0128436 )
},
8: {
"bone_rest_disabled": false,
"custom_pose": Transform( 1, 0, 0, 0, 1, 0, 0, 0, 1, 0, 0, 0 ),
"name": "hand_l",
"parent": 7,
"parent_name": "lowerarm_l",
"pose": Transform( 0.998137, 0.0114713, -0.059914, -0.00500574, 0.994249, 0.106968, 0.0607965, -0.106469, 0.992456, 1.35109e-05, -1.35786e-05, -1.72865e-07 ),
"rest": Transform( 0.999005, -0.0409518, 0.0176648, 0.00297883, 0.456462, 0.889738, -0.0444997, -0.8888, 0.45613, 26.9752, 1.23382e-05, -0.00807061 )
},
9: {
"bone_rest_disabled": false,
"custom_pose": Transform( 1, 0, 0, 0, 1, 0, 0, 0, 1, 0, 0, 0 ),
"name": "index_01_l",
"parent": 8,
"parent_name": "hand_l",
"pose": Transform( 0.992864, 5.40488e-08, -0.119255, -5.57427e-08, 1, -1.08686e-08, 0.119255, 1.74386e-08, 0.992864, 4.25168e-05, 3.70339e-05, -1.15094e-05 ),
"rest": Transform( 0.900345, -0.431921, 0.0531245, 0.430163, 0.864841, -0.258862, 0.0658637, 0.255917, 0.964452, 12.0686, 1.76344, -2.10648 )
},
10: {
"bone_rest_disabled": false,
"custom_pose": Transform( 1, 0, 0, 0, 1, 0, 0, 0, 1, 0, 0, 0 ),
"name": "index_02_l",
"parent": 9,
"parent_name": "index_01_l",
"pose": Transform( 0.995566, -0.0940699, 5.97801e-07, 0.0940699, 0.995566, -1.13239e-05, 4.70085e-07, 1.13299e-05, 1, -2.56695e-05, -2.39268e-05, 2.0848e-05 ),
"rest": Transform( 0.978164, -0.207805, -0.00338106, 0.207662, 0.977892, -0.0245876, 0.00841572, 0.0233486, 0.999692, 4.28749, -1.21593e-05, -7.62939e-06 )
},
11: {
"bone_rest_disabled": false,
"custom_pose": Transform( 1, 0, 0, 0, 1, 0, 0, 0, 1, 0, 0, 0 ),
"name": "index_03_l",
"parent": 10,
"parent_name": "index_02_l",
"pose": Transform( 0.995566, -0.0940697, -1.41726e-07, 0.0940697, 0.995565, -1.17511e-08, 1.42203e-07, -1.6331e-09, 1, 9.0767e-06, -5.7757e-06, -1.08994e-05 ),
"rest": Transform( 0.986145, 0.165292, 0.01401, -0.164956, 0.986046, -0.0224453, -0.0175245, 0.0198233, 0.99965, 3.39383, 1.52588e-05, -0.000409603 )
},
12: {
"bone_rest_disabled": false,
"custom_pose": Transform( 1, 0, 0, 0, 1, 0, 0, 0, 1, 0, 0, 0 ),
"name": "middle_01_l",
"parent": 8,
"parent_name": "hand_l",
"pose": Transform( 0.99865, -0.0287292, -0.0432685, 0.0287566, 0.999586, 9.81952e-06, 0.0432503, -0.00125406, 0.999063, 5.29401e-05, 3.92482e-05, -1.49309e-06 ),
"rest": Transform( 0.914743, -0.391502, -0.0998528, 0.385033, 0.919581, -0.0782352, 0.122452, 0.0331185, 0.991922, 12.2441, 1.29362, 0.57413 )
},
13: {
"bone_rest_disabled": false,
"custom_pose": Transform( 1, 0, 0, 0, 1, 0, 0, 0, 1, 0, 0, 0 ),
"name": "middle_02_l",
"parent": 12,
"parent_name": "middle_01_l",
"pose": Transform( 1, 2.71832e-07, 1.79101e-07, -2.71832e-07, 1, 1.43331e-07, -1.79101e-07, -1.43331e-07, 1, -5.00553e-05, -1.01417e-05, -7.15991e-07 ),
"rest": Transform( 0.976935, -0.213243, 0.0111662, 0.212675, 0.976358, 0.0386702, -0.0191483, -0.0354035, 0.999189, 4.64038, 1.45435e-05, 0.00160217 )
},
14: {
"bone_rest_disabled": false,
"custom_pose": Transform( 1, 0, 0, 0, 1, 0, 0, 0, 1, 0, 0, 0 ),
"name": "middle_03_l",
"parent": 13,
"parent_name": "middle_02_l",
"pose": Transform( 1, -3.99466e-07, -2.95631e-07, 3.99466e-07, 0.999999, 2.00518e-07, 2.95631e-07, -2.00518e-07, 1, 3.80455e-06, 2.50648e-05, 2.13638e-06 ),
"rest": Transform( 0.961309, 0.264528, -0.0768726, -0.264776, 0.964283, 0.00712317, 0.0760113, 0.0135065, 0.997015, 3.64884, 1.54972e-06, -0.00130558 )
},
15: {
"bone_rest_disabled": false,
"custom_pose": Transform( 1, 0, 0, 0, 1, 0, 0, 0, 1, 0, 0, 0 ),
"name": "pinky_01_l",
"parent": 8,
"parent_name": "hand_l",
"pose": Transform( 0.987619, -0.112044, 0.109792, 0.11742, 0.992118, -0.0437621, -0.104023, 0.056112, 0.992991, 2.94045e-05, 2.58153e-05, 9.08941e-08 ),
"rest": Transform( 0.887716, -0.228963, -0.39942, 0.326396, 0.924845, 0.195261, 0.324695, -0.303706, 0.895732, 10.1395, 2.26313, 4.64561 )
},
16: {
"bone_rest_disabled": false,
"custom_pose": Transform( 1, 0, 0, 0, 1, 0, 0, 0, 1, 0, 0, 0 ),
"name": "pinky_02_l",
"parent": 15,
"parent_name": "pinky_01_l",
"pose": Transform( 0.976088, -0.217371, 1.90464e-07, 0.217371, 0.976089, -5.24227e-07, -7.19579e-08, 5.53094e-07, 1, -1.09298e-05, 9.7834e-06, -1.19224e-07 ),
"rest": Transform( 0.980668, -0.194761, -0.0189131, 0.194325, 0.980675, -0.0226728, 0.0229634, 0.0185592, 0.999564, 3.571, 4.56348e-07, -1.19209e-06 )
},
17: {
"bone_rest_disabled": false,
"custom_pose": Transform( 1, 0, 0, 0, 1, 0, 0, 0, 1, 0, 0, 0 ),
"name": "pinky_03_l",
"parent": 16,
"parent_name": "pinky_02_l",
"pose": Transform( 0.976089, -0.217373, 5.48254e-08, 0.217373, 0.976089, 5.12873e-08, -6.46629e-08, -3.81434e-08, 1, 1.05296e-05, -2.90199e-06, -6.92351e-07 ),
"rest": Transform( 0.997556, -0.0176026, 0.0676167, 0.0180868, 0.999815, -0.00655672, -0.0674888, 0.00776367, 0.99769, 2.98564, -1.89114e-05, -1.45733e-05 )
},
18: {
"bone_rest_disabled": false,
"custom_pose": Transform( 1, 0, 0, 0, 1, 0, 0, 0, 1, 0, 0, 0 ),
"name": "ring_01_l",
"parent": 8,
"parent_name": "hand_l",
"pose": Transform( 0.99915, -0.0320995, 0.0258806, 0.0321105, 0.999484, -9.42987e-06, -0.0258669, 0.00084046, 0.999665, 3.81917e-05, 4.00344e-05, 3.35464e-06 ),
"rest": Transform( 0.901534, -0.343516, -0.263123, 0.388209, 0.910694, 0.141174, 0.191129, -0.22942, 0.954377, 11.4972, 1.75351, 2.8497 )
},
19: {
"bone_rest_disabled": false,
"custom_pose": Transform( 1, 0, 0, 0, 1, 0, 0, 0, 1, 0, 0, 0 ),
"name": "ring_02_l",
"parent": 18,
"parent_name": "ring_01_l",
"pose": Transform( 0.982255, -0.187548, 9.83291e-08, 0.187548, 0.982255, -1.31206e-07, -7.19767e-08, 1.4732e-07, 1, 1.15734e-05, -3.83636e-06, -1.13466e-05 ),
"rest": Transform( 0.972712, -0.230459, -0.0268442, 0.230217, 0.973067, -0.0118279, 0.0288471, 0.0053251, 0.99957, 4.43018, 9.913e-06, -0.0013299 )
},
20: {
"bone_rest_disabled": false,
"custom_pose": Transform( 1, 0, 0, 0, 1, 0, 0, 0, 1, 0, 0, 0 ),
"name": "ring_03_l",
"parent": 19,
"parent_name": "ring_02_l",
"pose": Transform( 0.982255, -0.187548, -1.92613e-07, 0.187548, 0.982255, 1.14473e-07, 1.67725e-07, -1.48566e-07, 1, -7.04074e-07, -1.41183e-06, 9.79419e-06 ),
"rest": Transform( 0.973438, 0.22292, 0.0522083, -0.222941, 0.974817, -0.00549765, -0.052119, -0.00628773, 0.998621, 3.47665, -2.98023e-06, 7.15256e-07 )
},
21: {
"bone_rest_disabled": false,
"custom_pose": Transform( 1, 0, 0, 0, 1, 0, 0, 0, 1, 0, 0, 0 ),
"name": "thumb_01_l",
"parent": 8,
"parent_name": "hand_l",
"pose": Transform( 0.953313, -0.27178, 0.131646, 0.280982, 0.958024, -0.05691, -0.110653, 0.0912431, 0.989662, 3.10168e-05, 2.49311e-05, -5.0483e-05 ),
"rest": Transform( 0.712223, 0.572852, 0.405683, 0.363471, 0.193462, -0.911297, -0.600523, 0.7965, -0.0704268, 4.76261, 2.37495, -2.53668 )
},
22: {
"bone_rest_disabled": false,
"custom_pose": Transform( 1, 0, 0, 0, 1, 0, 0, 0, 1, 0, 0, 0 ),
"name": "thumb_02_l",
"parent": 21,
"parent_name": "thumb_01_l",
"pose": Transform( 0.954077, -0.299558, 2.35935e-08, 0.299558, 0.954078, -3.28021e-07, 7.57513e-08, 3.20025e-07, 1, 7.03055e-06, 2.41845e-06, 1.58325e-05 ),
"rest": Transform( 0.951024, -0.256616, 0.172342, 0.257525, 0.966114, 0.0174523, -0.17098, 0.0277849, 0.984882, 3.86969, -1.35899e-05, -0.00081563 )
},
23: {
"bone_rest_disabled": false,
"custom_pose": Transform( 1, 0, 0, 0, 1, 0, 0, 0, 1, 0, 0, 0 ),
"name": "thumb_03_l",
"parent": 22,
"parent_name": "thumb_02_l",
"pose": Transform( 0.954078, -0.299558, -6.89671e-08, 0.299558, 0.954077, -1.79458e-07, 1.19558e-07, 1.50557e-07, 1, 3.04185e-06, -8.85446e-06, 2.65611e-05 ),
"rest": Transform( 0.976691, 0.214648, -0.000876578, -0.214486, 0.975783, -0.0429382, -0.00836123, 0.0421254, 0.999077, 4.06215, -1.43051e-05, 1.85966e-05 )
},
24: {
"bone_rest_disabled": false,
"custom_pose": Transform( 1, 0, 0, 0, 1, 0, 0, 0, 1, 0, 0, 0 ),
"name": "clavicle_r",
"parent": 4,
"parent_name": "spine_03",
"pose": Transform( 0.973022, 0.2272, 0.0400966, -0.221254, 0.968187, -0.116875, -0.0653751, 0.104851, 0.992336, -4.76522e-06, -2.18877e-06, -5.57523e-06 ),
"rest": Transform( 0.106282, -0.207136, -0.972522, -0.459598, -0.877547, 0.13668, -0.881745, 0.432442, -0.188466, 12.6898, -3.41283, 3.782 )
},
25: {
"bone_rest_disabled": false,
"custom_pose": Transform( 1, 0, 0, 0, 1, 0, 0, 0, 1, 0, 0, 0 ),
"name": "upperarm_r",
"parent": 24,
"parent_name": "clavicle_r",
"pose": Transform( 0.952526, -0.0272853, 0.303233, 0.0866942, 0.979052, -0.18423, -0.291855, 0.201773, 0.934937, 2.84838e-06, 1.1865e-06, -1.17853e-05 ),
"rest": Transform( 0.729819, 0.154508, 0.665951, -0.276838, 0.957476, 0.081243, -0.62508, -0.243653, 0.741558, -15.7848, 3.33786e-06, -1.49313e-05 )
},
26: {
"bone_rest_disabled": false,
"custom_pose": Transform( 1, 0, 0, 0, 1, 0, 0, 0, 1, 0, 0, 0 ),
"name": "lowerarm_r",
"parent": 25,
"parent_name": "upperarm_r",
"pose": Transform( 0.969208, -0.24624, 3.71608e-05, 0.24624, 0.969208, -0.000283843, 3.38769e-05, 0.000284254, 0.999999, -2.22757e-05, -4.33013e-05, 7.84507e-05 ),
"rest": Transform( 0.84869, 0.52889, -0.000138395, -0.52889, 0.84869, 0.000612443, 0.00044137, -0.000446579, 1, -30.34, 1.81198e-05, 0.0255971 )
},
27: {
"bone_rest_disabled": false,
"custom_pose": Transform( 1, 0, 0, 0, 1, 0, 0, 0, 1, 0, 0, 0 ),
"name": "hand_r",
"parent": 26,
"parent_name": "lowerarm_r",
"pose": Transform( 0.978149, 0.0463492, -0.202675, 0.0492328, 0.89547, 0.44239, 0.201993, -0.442702, 0.873621, 5.47317e-06, -1.68062e-05, 1.16934e-05 ),
"rest": Transform( 0.998971, -0.0417145, 0.0178129, 0.0031954, 0.456458, 0.889739, -0.0452459, -0.888766, 0.456122, -26.9752, 2.17259e-05, 0.0312573 )
},
28: {
"bone_rest_disabled": false,
"custom_pose": Transform( 1, 0, 0, 0, 1, 0, 0, 0, 1, 0, 0, 0 ),
"name": "index_01_r",
"parent": 27,
"parent_name": "hand_r",
"pose": Transform( 0.992864, 2.92063e-07, -0.119254, -2.95408e-07, 1, -1.03668e-08, 0.119254, 4.55214e-08, 0.992864, 5.38462e-05, -1.79317e-05, 1.37071e-05 ),
"rest": Transform( 0.900374, -0.431835, 0.0533451, 0.430136, 0.864853, -0.258869, 0.0656529, 0.256024, 0.964438, -12.0679, -1.76373, 2.10943 )
},
29: {
"bone_rest_disabled": false,
"custom_pose": Transform( 1, 0, 0, 0, 1, 0, 0, 0, 1, 0, 0, 0 ),
"name": "index_02_r",
"parent": 28,
"parent_name": "index_01_r",
"pose": Transform( 0.961787, -0.2738, -3.84754e-07, 0.2738, 0.961787, 9.60697e-07, 1.07013e-07, -1.02933e-06, 1, 4.13842e-06, 4.73673e-05, -8.02297e-06 ),
"rest": Transform( 0.978165, -0.207804, -0.003246, 0.207664, 0.977892, -0.0245612, 0.00827814, 0.0233508, 0.999693, -4.28767, 1.33514e-05, -1.33514e-05 )
},
30: {
"bone_rest_disabled": false,
"custom_pose": Transform( 1, 0, 0, 0, 1, 0, 0, 0, 1, 0, 0, 0 ),
"name": "index_03_r",
"parent": 29,
"parent_name": "index_02_r",
"pose": Transform( 0.961787, -0.2738, 1.32101e-07, 0.2738, 0.961787, -1.69436e-08, -1.22414e-07, 5.24655e-08, 1, 1.95902e-05, -5.67366e-05, 8.42325e-06 ),
"rest": Transform( 0.986152, 0.165264, 0.0138887, -0.164931, 0.98605, -0.0224469, -0.0174046, 0.0198454, 0.999651, -3.39376, 3.33786e-06, -1.19209e-06 )
},
31: {
"bone_rest_disabled": false,
"custom_pose": Transform( 1, 0, 0, 0, 1, 0, 0, 0, 1, 0, 0, 0 ),
"name": "middle_01_r",
"parent": 27,
"parent_name": "hand_r",
"pose": Transform( 0.99634, -0.0250957, -0.0817081, 0.0234503, 0.999504, -0.0210355, 0.0821954, 0.0190424, 0.996434, 4.88863e-05, -7.04102e-06, 1.70345e-06 ),
"rest": Transform( 0.914728, -0.391519, -0.0999267, 0.38503, 0.919571, -0.0783681, 0.122572, 0.0332107, 0.991904, -12.2441, -1.29373, -0.571115 )
},
32: {
"bone_rest_disabled": false,
"custom_pose": Transform( 1, 0, 0, 0, 1, 0, 0, 0, 1, 0, 0, 0 ),
"name": "middle_02_r",
"parent": 31,
"parent_name": "middle_01_r",
"pose": Transform( 0.988471, -0.151413, -1.31905e-07, 0.151413, 0.98847, 2.83851e-08, 1.26086e-07, -4.803e-08, 1, 1.91406e-05, 1.17226e-05, 4.89279e-06 ),
"rest": Transform( 0.97693, -0.213232, 0.0118597, 0.212638, 0.976363, 0.0387436, -0.0198407, -0.035328, 0.999179, -4.64054, 5.36442e-06, 1.43051e-06 )
},
33: {
"bone_rest_disabled": false,
"custom_pose": Transform( 1, 0, 0, 0, 1, 0, 0, 0, 1, 0, 0, 0 ),
"name": "middle_03_r",
"parent": 32,
"parent_name": "middle_02_r",
"pose": Transform( 0.988471, -0.151413, 1.47292e-07, 0.151413, 0.988471, -1.05137e-07, -1.29675e-07, 1.26227e-07, 1, -2.06963e-05, -4.01989e-06, -5.04027e-07 ),
"rest": Transform( 0.961266, 0.264529, -0.0774139, -0.264782, 0.964282, 0.00716818, 0.076545, 0.0136072, 0.996973, -3.64892, 1.01328e-05, -2.38419e-06 )
},
34: {
"bone_rest_disabled": false,
"custom_pose": Transform( 1, 0, 0, 0, 1, 0, 0, 0, 1, 0, 0, 0 ),
"name": "pinky_01_r",
"parent": 27,
"parent_name": "hand_r",
"pose": Transform( 0.987621, -0.112022, 0.109794, 0.117403, 0.992118, -0.0438077, -0.104021, 0.0561556, 0.992988, 3.02211e-05, 1.87257e-06, -4.89281e-06 ),
"rest": Transform( 0.887635, -0.229057, -0.399546, 0.326493, 0.924838, 0.195135, 0.324818, -0.303658, 0.895704, -10.1406, -2.26335, -4.64309 )
},
35: {
"bone_rest_disabled": false,
"custom_pose": Transform( 1, 0, 0, 0, 1, 0, 0, 0, 1, 0, 0, 0 ),
"name": "pinky_02_r",
"parent": 34,
"parent_name": "pinky_01_r",
"pose": Transform( 0.976089, -0.217372, -1.27601e-07, 0.217372, 0.976089, 5.69712e-07, 7.10294e-10, -5.83827e-07, 1, 3.02977e-05, -1.71203e-05, -3.56362e-06 ),
"rest": Transform( 0.980703, -0.194623, -0.0185329, 0.194194, 0.980701, -0.0226762, 0.0225885, 0.0186396, 0.999571, -3.57106, 4.73391e-06, 0.00137475 )
},
36: {
"bone_rest_disabled": false,
"custom_pose": Transform( 1, 0, 0, 0, 1, 0, 0, 0, 1, 0, 0, 0 ),
"name": "pinky_03_r",
"parent": 35,
"parent_name": "pinky_02_r",
"pose": Transform( 0.976089, -0.217373, 7.11067e-06, 0.217373, 0.976089, -6.36208e-05, 6.8888e-06, 6.36452e-05, 1, -7.64304e-06, 3.15149e-07, -3.94773e-06 ),
"rest": Transform( 0.997573, -0.0177141, 0.0673335, 0.0181962, 0.999813, -0.00655411, -0.0672048, 0.00776342, 0.997709, -2.98541, 3.19481e-05, -8.73208e-06 )
},
37: {
"bone_rest_disabled": false,
"custom_pose": Transform( 1, 0, 0, 0, 1, 0, 0, 0, 1, 0, 0, 0 ),
"name": "ring_01_r",
"parent": 27,
"parent_name": "hand_r",
"pose": Transform( 0.99915, -0.0320997, 0.025881, 0.0321104, 0.999484, 8.4372e-08, -0.0258676, 0.000830965, 0.999665, 4.72054e-05, 1.59779e-05, 6.54813e-06 ),
"rest": Transform( 0.901664, -0.343556, -0.262626, 0.388151, 0.910701, 0.141287, 0.190633, -0.229332, 0.954498, -11.4979, -1.75379, -2.84691 )
},
38: {
"bone_rest_disabled": false,
"custom_pose": Transform( 1, 0, 0, 0, 1, 0, 0, 0, 1, 0, 0, 0 ),
"name": "ring_02_r",
"parent": 37,
"parent_name": "ring_01_r",
"pose": Transform( 0.955936, -0.293575, -4.27881e-07, 0.293575, 0.955936, 4.59315e-07, 2.74183e-07, -5.6469e-07, 1, -2.59709e-05, -1.51208e-05, -7.66888e-06 ),
"rest": Transform( 0.972699, -0.230479, -0.0271371, 0.230235, 0.973063, -0.0118295, 0.0291326, 0.00525865, 0.999562, -4.42984, 2.94521e-05, 9.29832e-06 )
},
39: {
"bone_rest_disabled": false,
"custom_pose": Transform( 1, 0, 0, 0, 1, 0, 0, 0, 1, 0, 0, 0 ),
"name": "ring_03_r",
"parent": 38,
"parent_name": "ring_02_r",
"pose": Transform( 0.955936, -0.293575, -1.01013e-07, 0.293575, 0.955936, -6.71705e-08, 1.16281e-07, 3.45558e-08, 1, -1.26889e-05, -2.22484e-05, 2.92366e-06 ),
"rest": Transform( 0.973433, 0.222942, 0.0522031, -0.222961, 0.974811, -0.00551977, -0.0521188, -0.00626616, 0.998621, -3.47665, 1.13547e-05, -8.10623e-06 )
},
40: {
"bone_rest_disabled": false,
"custom_pose": Transform( 1, 0, 0, 0, 1, 0, 0, 0, 1, 0, 0, 0 ),
"name": "thumb_01_r",
"parent": 27,
"parent_name": "hand_r",
"pose": Transform( 0.990833, -0.115152, -0.0706428, 0.112061, 0.992623, -0.0462701, 0.0754498, 0.0379297, 0.996428, 3.96781e-05, 4.60923e-05, 4.31164e-06 ),
"rest": Transform( 0.71178, 0.573072, 0.40615, 0.364086, 0.193471, -0.911049, -0.600675, 0.79634, -0.0709388, -4.76211, -2.37514, 2.5378 )
},
41: {
"bone_rest_disabled": false,
"custom_pose": Transform( 1, 0, 0, 0, 1, 0, 0, 0, 1, 0, 0, 0 ),
"name": "thumb_02_r",
"parent": 40,
"parent_name": "thumb_01_r",
"pose": Transform( 0.944962, -0.327179, -1.75408e-07, 0.327179, 0.944962, 6.65488e-07, -5.19795e-08, -6.86251e-07, 1, -9.8447e-06, 2.44239e-06, -1.50368e-05 ),
"rest": Transform( 0.951132, -0.256667, 0.171668, 0.257556, 0.966106, 0.0174646, -0.170332, 0.027603, 0.985, -3.86958, -1.50204e-05, -0.00179958 )
},
42: {
"bone_rest_disabled": false,
"custom_pose": Transform( 1, 0, 0, 0, 1, 0, 0, 0, 1, 0, 0, 0 ),
"name": "thumb_03_r",
"parent": 41,
"parent_name": "thumb_02_r",
"pose": Transform( 0.944962, -0.327179, 5.02566e-07, 0.327179, 0.944962, -6.66263e-07, -2.56919e-07, 7.94022e-07, 1, 9.4857e-06, -3.09203e-05, -7.338e-06 ),
"rest": Transform( 0.976692, 0.214644, -0.000884434, -0.214484, 0.975783, -0.0429494, -0.00835583, 0.042138, 0.999077, -4.06213, 7.62939e-06, -2.28882e-05 )
},
43: {
"bone_rest_disabled": false,
"custom_pose": Transform( 1, 0, 0, 0, 1, 0, 0, 0, 1, 0, 0, 0 ),
"name": "neck_01",
"parent": 4,
"parent_name": "spine_03",
"pose": Transform( 1, 1.04308e-07, 1.38604e-09, -1.04308e-07, 1, 6.36197e-09, -1.38604e-09, -6.36197e-09, 1, -2.83866e-06, 3.64846e-06, -5.1745e-07 ),
"rest": Transform( 0.990268, 0.139174, -2.49053e-07, -0.139174, 0.990268, -9.23656e-08, 2.33774e-07, 1.26128e-07, 1, 20.466, -1.41257, 9.11374e-06 )
},
44: {
"bone_rest_disabled": false,
"custom_pose": Transform( 1, 0, 0, 0, 1, 0, 0, 0, 1, 0, 0, 0 ),
"name": "head",
"parent": 43,
"parent_name": "neck_01",
"pose": Transform( 0.999247, 0.0123054, 0.0367836, -0.00181853, 0.962161, -0.272476, -0.0387447, 0.272204, 0.961459, 1.96301e-05, -2.70056e-06, -5.77203e-07 ),
"rest": Transform( 1, -1.47793e-07, -2.79851e-14, 1.47793e-07, 1, -3.66552e-11, 2.79905e-14, 3.66552e-11, 1, 5.70114, 5.87995e-06, -2.58755e-07 )
},
45: {
"bone_rest_disabled": false,
"custom_pose": Transform( 1, 0, 0, 0, 1, 0, 0, 0, 1, 0, 0, 0 ),
"name": "c_cheek_inflate_l",
"parent": 44,
"parent_name": "head",
"pose": Transform( 1, 8.19914e-08, 5.33245e-08, -8.19951e-08, 1, 6.75738e-05, -5.3319e-08, -6.75738e-05, 1, -4.43976e-06, -1.5214e-06, -6.69808e-07 ),
"rest": Transform( -1, 9.19145e-16, 3.57628e-07, -9.19145e-16, -1, 1.75754e-16, 3.57628e-07, 1.75753e-16, 1, 4.86247, -9.14421, -4.51922 )
},
46: {
"bone_rest_disabled": false,
"custom_pose": Transform( 1, 0, 0, 0, 1, 0, 0, 0, 1, 0, 0, 0 ),
"name": "c_cheek_inflate_r",
"parent": 44,
"parent_name": "head",
"pose": Transform( 1, -1.25824e-08, -7.02664e-08, 1.25872e-08, 1, 6.78419e-05, 7.02655e-08, -6.78419e-05, 1, -1.87529e-05, -2.83866e-07, 9.53674e-07 ),
"rest": Transform( 1, 7.38763e-08, -1.51006e-07, 7.39173e-08, -1, 0.000271423, -1.50986e-07, -0.000271423, -1, 4.86247, -9.14421, 4.51943 )
},
47: {
"bone_rest_disabled": false,
"custom_pose": Transform( 1, 0, 0, 0, 1, 0, 0, 0, 1, 0, 0, 0 ),
"name": "c_cheek_smile_l",
"parent": 44,
"parent_name": "head",
"pose": Transform( 1, 1.19227e-07, -9.25635e-08, -1.19201e-07, 1, 0.000279433, 9.25968e-08, -0.000279433, 1, 6.69808e-07, -4.34744e-06, 1.15783e-06 ),
"rest": Transform( -2.38419e-07, 1, 0, 6.79493e-05, 0, -1, -1, -2.38419e-07, -6.79493e-05, 7.08905, -10.4923, -5.28738 )
},
48: {
"bone_rest_disabled": false,
"custom_pose": Transform( 1, 0, 0, 0, 1, 0, 0, 0, 1, 0, 0, 0 ),
"name": "c_cheek_smile_r",
"parent": 44,
"parent_name": "head",
"pose": Transform( 1, 1.1921e-07, -5.96026e-08, -1.19209e-07, 1, 1.68085e-05, 5.96046e-08, -1.68085e-05, 1, -3.34904e-07, 4.76694e-06, -1.33962e-06 ),
"rest": Transform( 0, 1, 0, 6.77109e-05, 0, -1, -1, 0, -6.77109e-05, 7.08904, -10.4923, 5.28738 )
},
49: {
"bone_rest_disabled": false,
"custom_pose": Transform( 1, 0, 0, 0, 1, 0, 0, 0, 1, 0, 0, 0 ),
"name": "c_ear_01_l",
"parent": 44,
"parent_name": "head",
"pose": Transform( 1, -5.0664e-07, -9.98728e-08, 5.0664e-07, 1, -1.12829e-07, 9.98728e-08, 1.12829e-07, 1, -1.44169e-06, 8.80956e-06, -6.76416e-06 ),
"rest": Transform( -0.160478, 0.845174, 0.509831, -0.404525, 0.414836, -0.815028, -0.900337, -0.337033, 0.275322, 7.4369, -1.65363, -8.08025 )
},
50: {
"bone_rest_disabled": false,
"custom_pose": Transform( 1, 0, 0, 0, 1, 0, 0, 0, 1, 0, 0, 0 ),
"name": "c_ear_02_l",
"parent": 49,
"parent_name": "c_ear_01_l",
"pose": Transform( 1, 3.6144e-07, -6.25323e-08, -3.6144e-07, 1, 2.33361e-07, 6.25324e-08, -2.33361e-07, 1, -5.53288e-06, 1.93123e-05, -1.69784e-05 ),
"rest": Transform( 1, -7.67409e-07, -2.60773e-07, 7.67411e-07, 1, 5.75557e-06, 2.60768e-07, -5.75557e-06, 1, -4.64916e-06, 1.52014, 1.38283e-05 )
},
51: {
"bone_rest_disabled": false,
"custom_pose": Transform( 1, 0, 0, 0, 1, 0, 0, 0, 1, 0, 0, 0 ),
"name": "c_ear_01_r",
"parent": 44,
"parent_name": "head",
"pose": Transform( 1, -3.9062e-07, -8.97564e-08, 3.9062e-07, 1, 2.39248e-09, 8.97564e-08, -2.39251e-09, 1, -6.64705e-06, 9.38992e-06, -1.77786e-05 ),
"rest": Transform( 0.160478, 0.845172, 0.509834, 0.404526, 0.414839, -0.815026, -0.900336, 0.337034, -0.275322, 7.43691, -1.65363, 8.08025 )
},
52: {
"bone_rest_disabled": false,
"custom_pose": Transform( 1, 0, 0, 0, 1, 0, 0, 0, 1, 0, 0, 0 ),
"name": "c_ear_02_r",
"parent": 51,
"parent_name": "c_ear_01_r",
"pose": Transform( 1, 4.93956e-07, -1.81891e-09, -4.93956e-07, 1, 2.91805e-08, 1.81893e-09, -2.91805e-08, 1, 1.67512e-06, 3.49746e-05, -4.68608e-06 ),
"rest": Transform( 1, 2.16065e-07, 8.60543e-07, -2.16069e-07, 1, 5.37932e-06, -8.60542e-07, -5.37932e-06, 1, 1.29938e-05, 1.52021, 1.4782e-05 )
},
53: {
"bone_rest_disabled": false,
"custom_pose": Transform( 1, 0, 0, 0, 1, 0, 0, 0, 1, 0, 0, 0 ),
"name": "c_eye_offset_l",
"parent": 44,
"parent_name": "head",
"pose": Transform( 1, 1.03084e-09, 2.00491e-14, -1.03084e-09, 1, 8.42022e-08, -1.99623e-14, -8.42022e-08, 1, -1.35954e-06, -1.41933e-06, -1.15112e-05 ),
"rest": Transform( 3.57628e-07, 1.50786e-15, 1, -6.63324e-16, -1, 1.50786e-15, 1, -6.63325e-16, -3.57628e-07, 9.72723, -8.94563, -3.3927 )
},
54: {
"bone_rest_disabled": false,
"custom_pose": Transform( 1, 0, 0, 0, 1, 0, 0, 0, 1, 0, 0, 0 ),
"name": "c_eye_l",
"parent": 53,
"parent_name": "c_eye_offset_l",
"pose": Transform( 1, -6.34933e-09, -8.71603e-08, 6.34923e-09, 1, -1.18821e-06, 8.71604e-08, 1.18821e-06, 1, 3.06894e-07, 4.96988e-07, -4.30889e-06 ),
"rest": Transform( 1, 2.27374e-11, 3.41105e-08, -2.27373e-11, 1, -1.27329e-09, -3.41105e-08, 1.27329e-09, 1, 1.12717e-07, -4.60134e-07, 1.60715e-05 )
},
55: {
"bone_rest_disabled": false,
"custom_pose": Transform( 1, 0, 0, 0, 1, 0, 0, 0, 1, 0, 0, 0 ),
"name": "c_eye_ref_track_l",
"parent": 53,
"parent_name": "c_eye_offset_l",
"pose": Transform( 1, -2.90886e-07, -3.21464e-08, 2.90887e-07, 1, 1.34683e-05, 3.21425e-08, -1.34683e-05, 1, -1.2041e-07, 2.23492e-06, -5.78051e-06 ),
"rest": Transform( 1, 2.27374e-11, 3.41105e-08, -2.27373e-11, 1, -1.27329e-09, -3.41105e-08, 1.27329e-09, 1, 1.12717e-07, -4.60134e-07, 1.60715e-05 )
},
56: {
"bone_rest_disabled": false,
"custom_pose": Transform( 1, 0, 0, 0, 1, 0, 0, 0, 1, 0, 0, 0 ),
"name": "c_eyelid_corner_01_l",
"parent": 53,
"parent_name": "c_eye_offset_l",
"pose": Transform( 1, -1.95169e-08, -8.05362e-08, 1.95169e-08, 1, -6.78527e-08, 8.05362e-08, 6.78527e-08, 1, -1.49498e-06, -2.67576e-06, 1.65525e-05 ),
"rest": Transform( 0.735792, 0.65761, -0.161741, -0.607202, 0.746391, 0.272409, 0.299861, -0.102227, 0.94849, 1.12717e-07, -4.60134e-07, 1.60715e-05 )
},
57: {
"bone_rest_disabled": false,
"custom_pose": Transform( 1, 0, 0, 0, 1, 0, 0, 0, 1, 0, 0, 0 ),
"name": "c_eyelid_corner_02_l",
"parent": 53,
"parent_name": "c_eye_offset_l",
"pose": Transform( 1, 2.1517e-07, -1.85193e-07, -2.1517e-07, 1, 3.28175e-08, 1.85193e-07, -3.28174e-08, 1, 2.93941e-06, -2.7662e-07, -1.11109e-06 ),
"rest": Transform( -0.17608, -0.910886, -0.373207, -0.706563, 0.380929, -0.596374, 0.685394, 0.158685, -0.710672, 1.12717e-07, -4.60134e-07, 1.60715e-05 )
},
58: {
"bone_rest_disabled": false,
"custom_pose": Transform( 1, 0, 0, 0, 1, 0, 0, 0, 1, 0, 0, 0 ),
"name": "eyelid_bot_l",
"parent": 53,
"parent_name": "c_eye_offset_l",
"pose": Transform( 1, 3.58685e-08, -7.8171e-08, -3.58689e-08, 1, -5.26365e-06, 7.81709e-08, 5.26365e-06, 1, 8.24853e-07, 2.56644e-05, -1.86493e-05 ),
"rest": Transform( 1, -9.68013e-08, 1.32169e-06, -4.50129e-07, 0.913225, 0.407457, -1.24644e-06, -0.407457, 0.913225, 1.12717e-07, -4.60134e-07, 1.60715e-05 )
},
59: {
"bone_rest_disabled": false,
"custom_pose": Transform( 1, 0, 0, 0, 1, 0, 0, 0, 1, 0, 0, 0 ),
"name": "c_eyelid_bot_01_l",
"parent": 58,
"parent_name": "eyelid_bot_l",
"pose": Transform( 1, -9.6811e-08, 1.20607e-08, 9.6811e-08, 1, -3.25935e-08, -1.20607e-08, 3.25935e-08, 1, 1.23565e-05, 3.64413e-06, 3.1453e-05 ),
"rest": Transform( 0.917211, 0.324886, -0.230594, -0.329188, 0.944038, 0.0206844, 0.224409, 0.0569368, 0.97283, 9.93095e-08, 7.16944e-06, -4.21418e-06 )
},
60: {
"bone_rest_disabled": false,
"custom_pose": Transform( 1, 0, 0, 0, 1, 0, 0, 0, 1, 0, 0, 0 ),
"name": "c_eyelid_bot_02_l",
"parent": 58,
"parent_name": "eyelid_bot_l",
"pose": Transform( 1, 6.73939e-08, -1.55391e-07, -6.73939e-08, 1, -1.58599e-07, 1.55391e-07, 1.58599e-07, 1, -1.10568e-05, 1.7727e-06, 4.00563e-05 ),
"rest": Transform( 0.927432, -0.238183, 0.288337, 0.227579, 0.97122, 0.0702772, -0.296778, 0.000442248, 0.954946, 9.93095e-08, 7.16944e-06, -4.21418e-06 )
},
61: {
"bone_rest_disabled": false,
"custom_pose": Transform( 1, 0, 0, 0, 1, 0, 0, 0, 1, 0, 0, 0 ),
"name": "c_eyelid_bot_03_l",
"parent": 58,
"parent_name": "eyelid_bot_l",
"pose": Transform( 1, -1.7829e-08, -3.54832e-08, 1.7829e-08, 1, -9.62063e-08, 3.54832e-08, 9.62063e-08, 1, -5.03349e-05, 1.30197e-05, 1.60929e-05 ),
"rest": Transform( 0.146626, -0.721771, 0.676422, 0.230751, 0.689905, 0.686138, -0.961902, 0.0554795, 0.267708, 9.93095e-08, 7.16944e-06, -4.21418e-06 )
},
62: {
"bone_rest_disabled": false,
"custom_pose": Transform( 1, 0, 0, 0, 1, 0, 0, 0, 1, 0, 0, 0 ),
"name": "eyelid_top_l",
"parent": 53,
"parent_name": "c_eye_offset_l",
"pose": Transform( 1, -2.67685e-08, -8.44679e-08, 2.67683e-08, 1, -1.54492e-06, 8.4468e-08, 1.54492e-06, 1, 8.16374e-07, 2.39802e-06, 1.22248e-05 ),
"rest": Transform( 1, 8.70237e-08, 8.48953e-07, 2.29841e-07, 0.930566, -0.366124, -8.21868e-07, 0.366124, 0.930566, 1.12717e-07, -4.60134e-07, 1.60715e-05 )
},
63: {
"bone_rest_disabled": false,
"custom_pose": Transform( 1, 0, 0, 0, 1, 0, 0, 0, 1, 0, 0, 0 ),
"name": "c_eyelid_top_01_l",
"parent": 62,
"parent_name": "eyelid_top_l",
"pose": Transform( 1, 3.6256e-08, 8.49716e-08, -3.6256e-08, 1, 3.86732e-08, -8.49716e-08, -3.86732e-08, 1, -1.04902e-05, 9.91072e-06, 3.39249e-05 ),
"rest": Transform( 0.914133, 0.354537, 0.196634, -0.368006, 0.929143, 0.0355476, -0.170099, -0.104858, 0.979832, -2.26558e-07, 4.54925e-06, -1.18109e-06 )
},
64: {
"bone_rest_disabled": false,
"custom_pose": Transform( 1, 0, 0, 0, 1, 0, 0, 0, 1, 0, 0, 0 ),
"name": "c_eyelid_top_02_l",
"parent": 62,
"parent_name": "eyelid_top_l",
"pose": Transform( 1, -7.65691e-08, -4.91388e-08, 7.65691e-08, 1, 4.41421e-08, 4.91388e-08, -4.41421e-08, 1, 5.60506e-06, 1.23169e-05, 3.74645e-05 ),
"rest": Transform( 0.977936, -0.140898, -0.154237, 0.139312, 0.990024, -0.021097, 0.155671, -0.000855635, 0.987809, -2.26558e-07, 4.54925e-06, -1.18109e-06 )
},
65: {
"bone_rest_disabled": false,
"custom_pose": Transform( 1, 0, 0, 0, 1, 0, 0, 0, 1, 0, 0, 0 ),
"name": "c_eyelid_top_03_l",
"parent": 62,
"parent_name": "eyelid_top_l",
"pose": Transform( 1, -5.15313e-08, -1.69943e-07, 5.15313e-08, 1, -1.07859e-07, 1.69943e-07, 1.07859e-07, 1, 4.18727e-05, 1.83267e-05, 3.36284e-06 ),
"rest": Transform( 0.36829, -0.716755, -0.592135, 0.249513, 0.689738, -0.679709, 0.895603, 0.102584, 0.432863, -2.26558e-07, 4.54925e-06, -1.18109e-06 )
},
66: {
"bone_rest_disabled": false,
"custom_pose": Transform( 1, 0, 0, 0, 1, 0, 0, 0, 1, 0, 0, 0 ),
"name": "c_eye_offset_r",
"parent": 44,
"parent_name": "head",
"pose": Transform( 1, 9.35449e-10, -3.57628e-07, -9.35417e-10, 1, 8.78704e-08, 3.57628e-07, -8.78704e-08, 1, 5.27875e-07, -2.67924e-06, -1.20692e-05 ),
"rest": Transform( -3.57628e-07, 6.74408e-16, 1, 7.18049e-16, -1, 6.74409e-16, 1, 7.1805e-16, 3.57628e-07, 9.72723, -8.94563, 3.3927 )
},
67: {
"bone_rest_disabled": false,
"custom_pose": Transform( 1, 0, 0, 0, 1, 0, 0, 0, 1, 0, 0, 0 ),
"name": "c_eye_r",
"parent": 66,
"parent_name": "c_eye_offset_r",
"pose": Transform( 1, -1.97631e-08, 8.76781e-08, 1.97632e-08, 1, -8.1508e-07, -8.76781e-08, 8.1508e-07, 1, -1.71234e-06, 2.53071e-06, 4.15554e-07 ),
"rest": Transform( 1, 2.27374e-11, -3.28865e-08, -2.27375e-11, 1, -1.27329e-09, 3.28865e-08, 1.27329e-09, 1, -1.50458e-07, -4.9967e-07, 3.13303e-05 )
},
68: {
"bone_rest_disabled": false,
"custom_pose": Transform( 1, 0, 0, 0, 1, 0, 0, 0, 1, 0, 0, 0 ),
"name": "c_eye_ref_track_r",
"parent": 66,
"parent_name": "c_eye_offset_r",
"pose": Transform( 1, -1.36817e-06, 3.42271e-08, 1.36817e-06, 1, 1.985e-05, -3.42542e-08, -1.985e-05, 1, -2.01615e-06, 6.17568e-06, -1.01158e-05 ),
"rest": Transform( 1, 2.27374e-11, -3.28865e-08, -2.27375e-11, 1, -1.27329e-09, 3.28865e-08, 1.27329e-09, 1, -1.50458e-07, -4.9967e-07, 3.13303e-05 )
},
69: {
"bone_rest_disabled": false,
"custom_pose": Transform( 1, 0, 0, 0, 1, 0, 0, 0, 1, 0, 0, 0 ),
"name": "c_eyelid_corner_01_r",
"parent": 66,
"parent_name": "c_eye_offset_r",
"pose": Transform( 1, 3.19651e-08, -3.86732e-08, -3.19651e-08, 1, -1.42981e-07, 3.86732e-08, 1.42981e-07, 1, 3.46786e-07, 4.04136e-06, 7.85441e-06 ),
"rest": Transform( 0.735814, -0.657584, 0.161741, 0.607181, 0.746413, 0.272396, -0.299849, -0.102227, 0.948494, -1.50458e-07, -4.9967e-07, 3.13303e-05 )
},
70: {
"bone_rest_disabled": false,
"custom_pose": Transform( 1, 0, 0, 0, 1, 0, 0, 0, 1, 0, 0, 0 ),
"name": "c_eyelid_corner_02_r",
"parent": 66,
"parent_name": "c_eye_offset_r",
"pose": Transform( 1, 2.8382e-08, 1.93366e-07, -2.8382e-08, 1, -6.08502e-08, -1.93366e-07, 6.08502e-08, 1, -1.03337e-05, 1.32221e-07, -1.54899e-05 ),
"rest": Transform( -0.17608, 0.910886, 0.373207, 0.706563, 0.380929, -0.596374, -0.685394, 0.158685, -0.710672, -1.50458e-07, -4.9967e-07, 3.13303e-05 )
},
71: {
"bone_rest_disabled": false,
"custom_pose": Transform( 1, 0, 0, 0, 1, 0, 0, 0, 1, 0, 0, 0 ),
"name": "eyelid_bot_r",
"parent": 66,
"parent_name": "c_eye_offset_r",
"pose": Transform( 1, -3.96819e-08, 7.80986e-08, 3.96819e-08, 1, -1.16019e-07, -7.80986e-08, 1.16019e-07, 1, -1.46311e-06, -1.96193e-05, 1.81925e-06 ),
"rest": Transform( 1, 9.74835e-08, -1.32311e-06, 4.50086e-07, 0.913225, 0.407457, 1.24802e-06, -0.407457, 0.913225, -1.50458e-07, -4.9967e-07, 3.13303e-05 )
},
72: {
"bone_rest_disabled": false,
"custom_pose": Transform( 1, 0, 0, 0, 1, 0, 0, 0, 1, 0, 0, 0 ),
"name": "c_eyelid_bot_01_r",
"parent": 71,
"parent_name": "eyelid_bot_r",
"pose": Transform( 1, 9.53528e-08, 8.33766e-08, -9.53528e-08, 1, 1.0457e-07, -8.33766e-08, -1.0457e-07, 1, 1.10832e-05, 8.5292e-06, -1.55132e-06 ),
"rest": Transform( 0.917211, -0.324886, 0.230594, 0.329188, 0.944038, 0.0206844, -0.224409, 0.0569367, 0.97283, 1.39002e-07, 6.18198e-06, -1.13567e-06 )
},
73: {
"bone_rest_disabled": false,
"custom_pose": Transform( 1, 0, 0, 0, 1, 0, 0, 0, 1, 0, 0, 0 ),
"name": "c_eyelid_bot_02_r",
"parent": 71,
"parent_name": "eyelid_bot_r",
"pose": Transform( 1, -9.00357e-08, -3.54833e-08, 9.00357e-08, 1, 1.2364e-08, 3.54833e-08, -1.2364e-08, 1, -3.06044e-06, -6.37119e-06, -2.66026e-05 ),
"rest": Transform( 0.927432, 0.238183, -0.288337, -0.227579, 0.97122, 0.0702774, 0.296778, 0.000442173, 0.954947, 1.39002e-07, 6.18198e-06, -1.13567e-06 )
},
74: {
"bone_rest_disabled": false,
"custom_pose": Transform( 1, 0, 0, 0, 1, 0, 0, 0, 1, 0, 0, 0 ),
"name": "c_eyelid_bot_03_r",
"parent": 71,
"parent_name": "eyelid_bot_r",
"pose": Transform( 1, -1.448e-07, 1.4652e-07, 1.448e-07, 1, -1.73164e-07, -1.4652e-07, 1.73164e-07, 1, -2.29013e-05, -7.99841e-06, -5.82595e-06 ),
"rest": Transform( 0.146626, 0.721771, -0.676422, -0.230751, 0.689905, 0.686138, 0.961902, 0.0554795, 0.267708, 1.39002e-07, 6.18198e-06, -1.13567e-06 )
},
75: {
"bone_rest_disabled": false,
"custom_pose": Transform( 1, 0, 0, 0, 1, 0, 0, 0, 1, 0, 0, 0 ),
"name": "eyelid_top_r",
"parent": 66,
"parent_name": "c_eye_offset_r",
"pose": Transform( 1, 3.00812e-08, 8.23095e-08, -3.00812e-08, 1, -8.87083e-09, -8.23095e-08, 8.87083e-09, 1, -4.3704e-06, 1.51591e-05, 2.97028e-05 ),
"rest": Transform( 1, -8.75636e-08, -8.50438e-07, -2.29883e-07, 0.930566, -0.366124, 8.23448e-07, 0.366124, 0.930566, -1.50458e-07, -4.9967e-07, 3.13303e-05 )
},
76: {
"bone_rest_disabled": false,
"custom_pose": Transform( 1, 0, 0, 0, 1, 0, 0, 0, 1, 0, 0, 0 ),
"name": "c_eyelid_top_01_r",
"parent": 75,
"parent_name": "eyelid_top_r",
"pose": Transform( 1, 7.43009e-08, -1.56287e-07, -7.43009e-08, 1, 2.83822e-08, 1.56287e-07, -2.83822e-08, 1, 2.4796e-06, 6.74723e-07, 4.92416e-06 ),
"rest": Transform( 0.914133, -0.354538, -0.196634, 0.368006, 0.929144, 0.0355477, 0.170099, -0.104858, 0.979832, 2.26837e-07, 6.41798e-06, -2.02451e-05 )
},
77: {
"bone_rest_disabled": false,
"custom_pose": Transform( 1, 0, 0, 0, 1, 0, 0, 0, 1, 0, 0, 0 ),
"name": "c_eyelid_top_02_r",
"parent": 75,
"parent_name": "eyelid_top_r",
"pose": Transform( 1, 7.22067e-08, 6.5635e-08, -7.22067e-08, 1, 3.27399e-08, -6.5635e-08, -3.27399e-08, 1, 1.027e-06, 5.83541e-06, -1.10796e-05 ),
"rest": Transform( 0.977936, 0.140898, 0.154237, -0.139312, 0.990024, -0.021097, -0.155671, -0.000855622, 0.987809, 2.26837e-07, 6.41798e-06, -2.02451e-05 )
},
78: {
"bone_rest_disabled": false,
"custom_pose": Transform( 1, 0, 0, 0, 1, 0, 0, 0, 1, 0, 0, 0 ),
"name": "c_eyelid_top_03_r",
"parent": 75,
"parent_name": "eyelid_top_r",
"pose": Transform( 1, -1.64962e-08, 1.81305e-07, 1.64962e-08, 1, 4.70959e-08, -1.81305e-07, -4.70959e-08, 1, -1.79341e-06, -7.91428e-07, -2.41949e-06 ),
"rest": Transform( 0.368241, 0.716831, 0.592074, -0.249483, 0.689654, -0.679806, -0.895632, 0.10262, 0.432795, 2.26837e-07, 6.41798e-06, -2.02451e-05 )
},
79: {
"bone_rest_disabled": false,
"custom_pose": Transform( 1, 0, 0, 0, 1, 0, 0, 0, 1, 0, 0, 0 ),
"name": "c_eyebrow_full_l",
"parent": 44,
"parent_name": "head",
"pose": Transform( 1, 3.55458e-08, -8.61616e-08, -3.54995e-08, 1, 0.000537528, 8.61807e-08, -0.000537528, 1, -5.27875e-07, 1.20565e-05, 1.5214e-06 ),
"rest": Transform( 7.15256e-07, 1, 5.96046e-08, -6.88434e-05, -1.19209e-07, 1, 1, -7.7486e-07, 6.87838e-05, 15.0871, -11.3143, -5.08578 )
},
80: {
"bone_rest_disabled": false,
"custom_pose": Transform( 1, 0, 0, 0, 1, 0, 0, 0, 1, 0, 0, 0 ),
"name": "c_eyebrow_01_end_l",
"parent": 79,
"parent_name": "c_eyebrow_full_l",
"pose": Transform( 1, 3.85452e-09, 8.34466e-07, -3.85452e-09, 1, -2.16519e-09, -8.34466e-07, 2.16519e-09, 1, -2.94755e-06, 2.90312e-05, 1.05016e-06 ),
"rest": Transform( -4.76837e-07, 7.85958e-07, -1, 3.97904e-13, 1, 7.85958e-07, 1, 0, -4.76837e-07, 2.96421, -2.43858, -1.02461 )
},
81: {
"bone_rest_disabled": false,
"custom_pose": Transform( 1, 0, 0, 0, 1, 0, 0, 0, 1, 0, 0, 0 ),
"name": "c_eyebrow_01_l",
"parent": 79,
"parent_name": "c_eyebrow_full_l",
"pose": Transform( 1, 1.5971e-09, 1.43051e-06, -1.5971e-09, 1, -2.24354e-09, -1.43051e-06, 2.24353e-09, 1, 6.15186e-07, 2.83648e-05, 6.44289e-07 ),
"rest": Transform( -8.34465e-07, 1.17894e-07, -1, 3.9298e-08, 1, 1.17894e-07, 1, -3.92979e-08, -8.34465e-07, 1.66317, -2.29362, -0.582579 )
},
82: {
"bone_rest_disabled": false,
"custom_pose": Transform( 1, 0, 0, 0, 1, 0, 0, 0, 1, 0, 0, 0 ),
"name": "c_eyebrow_02_l",
"parent": 79,
"parent_name": "c_eyebrow_full_l",
"pose": Transform( 1, -1.05976e-08, 7.15256e-07, 1.05975e-08, 1, 4.16034e-08, -7.15256e-07, -4.16034e-08, 1, -1.03081e-06, 1.54853e-05, 3.75987e-07 ),
"rest": Transform( -3.57628e-07, 7.41459e-07, -1, 2.85333e-08, 1, 7.4146e-07, 1, -2.85331e-08, -3.57628e-07, -1.66106e-06, -2.25219, 1.58811e-06 )
},
83: {
"bone_rest_disabled": false,
"custom_pose": Transform( 1, 0, 0, 0, 1, 0, 0, 0, 1, 0, 0, 0 ),
"name": "c_eyebrow_03_l",
"parent": 79,
"parent_name": "c_eyebrow_full_l",
"pose": Transform( 1, 4.78386e-09, 7.15256e-07, -4.78386e-09, 1, 4.19365e-10, -7.15256e-07, -4.19368e-10, 1, 9.12602e-07, 3.84063e-05, 7.37978e-07 ),
"rest": Transform( -3.57628e-07, 7.4666e-07, -1, 1.98952e-13, 1, 7.4666e-07, 1, 5.68434e-14, -3.57628e-07, -1.29065, -2.39715, 1.29882 )
},
84: {
"bone_rest_disabled": false,
"custom_pose": Transform( 1, 0, 0, 0, 1, 0, 0, 0, 1, 0, 0, 0 ),
"name": "c_eyebrow_full_r",
"parent": 44,
"parent_name": "head",
"pose": Transform( 1, 1.78816e-07, -8.94039e-08, -1.78814e-07, 1, 1.68085e-05, 8.94069e-08, -1.68085e-05, 1, -3.15607e-06, 2.61501e-07, 1.5214e-06 ),
