[gd_resource type="Resource" load_steps=2 format=2]

[ext_resource path="res://Addons/physics_assets/Resources/SkeletonDataResource.gd" type="Script" id=1]

[resource]
script = ExtResource( 1 )
data = {
0: {
"bone_rest_disabled": false,
"custom_pose": Transform( 1, 0, 0, 0, 1, 0, 0, 0, 1, 0, 0, 0 ),
"name": "DEF-eye.L",
"parent": -1,
"parent_name": "",
"pose": Transform( 1, 0, 0, 0, 1, 0, 0, 0, 1, 0, 0, 0 ),
"rest": Transform( -1, 0, 0, 0, 0, 1, 0, 1, 0, 0.0367011, 1.70185, 0.12348 )
},
1: {
"bone_rest_disabled": false,
"custom_pose": Transform( 1, 0, 0, 0, 1, 0, 0, 0, 1, 0, 0, 0 ),
"name": "DEF-eye_iris.L",
"parent": 0,
"parent_name": "DEF-eye.L",
"pose": Transform( 1, 0, 0, 0, 1, 0, 0, 0, 1, 0, 0, 0 ),
"rest": Transform( 1, 0, 0, 0, 1, 0, 0, 0, 1, 0, 0.0122668, -1.19209e-07 )
},
2: {
"bone_rest_disabled": false,
"custom_pose": Transform( 1, 0, 0, 0, 1, 0, 0, 0, 1, 0, 0, 0 ),
"name": "DEF-eye.R",
"parent": -1,
"parent_name": "",
"pose": Transform( 1, 0, 0, 0, 1, 0, 0, 0, 1, 0, 0, 0 ),
"rest": Transform( -1, 0, 0, 0, 0, 1, 0, 1, 0, -0.0367011, 1.70185, 0.12348 )
},
3: {
"bone_rest_disabled": false,
"custom_pose": Transform( 1, 0, 0, 0, 1, 0, 0, 0, 1, 0, 0, 0 ),
"name": "DEF-eye_iris.R",
"parent": 2,
"parent_name": "DEF-eye.R",
"pose": Transform( 1, 0, 0, 0, 1, 0, 0, 0, 1, 0, 0, 0 ),
"rest": Transform( 1, 0, 0, 0, 1, 0, 0, 0, 1, 0, 0.0122668, -1.19209e-07 )
},
4: {
"bone_rest_disabled": false,
"custom_pose": Transform( 1, 0, 0, 0, 1, 0, 0, 0, 1, 0, 0, 0 ),
"name": "DEF-spine",
"parent": -1,
"parent_name": "",
"pose": Transform( 1, 0, 0, 0, 1, 0, 0, 0, 1, 0, 0, 0 ),
"rest": Transform( 1, 1.06581e-14, 2.38419e-07, 5.95188e-08, 0.968339, -0.24964, -2.3087e-07, 0.24964, 0.968339, 0, 0.920611, -0.0503195 )
},
5: {
"bone_rest_disabled": false,
"custom_pose": Transform( 1, 0, 0, 0, 1, 0, 0, 0, 1, 0, 0, 0 ),
"name": "DEF-pelvis.L",
"parent": 4,
"parent_name": "DEF-spine",
"pose": Transform( 1, 0, 0, 0, 1, 0, 0, 0, 1, 0, 0, 0 ),
"rest": Transform( -0.421772, 0.536322, -0.731073, -0.052532, 0.79049, 0.610218, 0.905179, 0.295778, -0.305233, 4.35753e-08, -3.77553e-09, 2.19186e-08 )
},
6: {
"bone_rest_disabled": false,
"custom_pose": Transform( 1, 0, 0, 0, 1, 0, 0, 0, 1, 0, 0, 0 ),
"name": "DEF-thigh.L",
"parent": 5,
"parent_name": "DEF-pelvis.L",
"pose": Transform( 1, 0, 0, 0, 1, 0, 0, 0, 1, 0, 0, 0 ),
"rest": Transform( -0.421772, 0.342026, -0.839718, 0.536322, -0.652623, -0.535203, -0.731073, -0.676093, 0.0918221, -0.0196643, 0.105939, -0.0331351 )
},
7: {
"bone_rest_disabled": false,
"custom_pose": Transform( 1, 0, 0, 0, 1, 0, 0, 0, 1, 0, 0, 0 ),
"name": "DEF-thigh.L.001",
"parent": 6,
"parent_name": "DEF-thigh.L",
"pose": Transform( 1, 0, 0, 0, 1, 0, 0, 0, 1, 0, 0, 0 ),
"rest": Transform( 1, 2.98023e-08, 1.04308e-07, -2.98023e-08, 1, 7.45058e-08, -1.04308e-07, -7.45058e-08, 1, 9.08e-09, 0.244473, 4.5007e-09 )
},
8: {
"bone_rest_disabled": false,
"custom_pose": Transform( 1, 0, 0, 0, 1, 0, 0, 0, 1, 0, 0, 0 ),
"name": "DEF-shin.L",
"parent": 7,
"parent_name": "DEF-thigh.L.001",
"pose": Transform( 1, 0, 0, 0, 1, 0, 0, 0, 1, 0, 0, 0 ),
"rest": Transform( 1, -4.15839e-08, -0.000224492, -3.91128e-05, 0.984673, -0.17441, 0.000221059, 0.17441, 0.984673, 7.67099e-09, 0.244473, -3.07734e-09 )
},
9: {
"bone_rest_disabled": false,
"custom_pose": Transform( 1, 0, 0, 0, 1, 0, 0, 0, 1, 0, 0, 0 ),
"name": "DEF-shin.L.001",
"parent": 8,
"parent_name": "DEF-shin.L",
"pose": Transform( 1, 0, 0, 0, 1, 0, 0, 0, 1, 0, 0, 0 ),
"rest": Transform( 1, -1.10191e-11, 2.28511e-11, 1.10191e-11, 1, 6.33104e-08, -2.28511e-11, -6.33104e-08, 1, -8.15419e-09, 0.207028, 2.44836e-09 )
},
10: {
"bone_rest_disabled": false,
"custom_pose": Transform( 1, 0, 0, 0, 1, 0, 0, 0, 1, 0, 0, 0 ),
"name": "DEF-foot.L",
"parent": 9,
"parent_name": "DEF-shin.L.001",
"pose": Transform( 1, 0, 0, 0, 1, 0, 0, 0, 1, 0, 0, 0 ),
"rest": Transform( 1, -0.000200966, -0.000144621, 0.000218784, 0.443775, 0.896138, -0.000115914, -0.896138, 0.443776, -1.56067e-08, 0.207028, 8.66031e-09 )
},
11: {
"bone_rest_disabled": false,
"custom_pose": Transform( 1, 0, 0, 0, 1, 0, 0, 0, 1, 0, 0, 0 ),
"name": "DEF-toe.L",
"parent": 10,
"parent_name": "DEF-foot.L",
"pose": Transform( 1, 0, 0, 0, 1, 0, 0, 0, 1, 0, 0, 0 ),
"rest": Transform( -1, -0.000129394, -0.000206943, -4.63479e-08, 0.847998, -0.529999, 0.000244066, -0.529999, -0.847998, -5.08112e-09, 0.117818, 4.89854e-09 )
},
12: {
"bone_rest_disabled": false,
"custom_pose": Transform( 1, 0, 0, 0, 1, 0, 0, 0, 1, 0, 0, 0 ),
"name": "SkirtRoot",
"parent": 4,
"parent_name": "DEF-spine",
"pose": Transform( 1, 0, 0, 0, 1, 0, 0, 0, 1, 0, 0, 0 ),
"rest": Transform( 1, 5.95187e-08, -2.3087e-07, 1.77636e-15, 0.968339, 0.24964, 2.38419e-07, -0.24964, 0.968339, -2.42888e-09, 0.162052, 0.0101875 )
},
13: {
"bone_rest_disabled": false,
"custom_pose": Transform( 1, 0, 0, 0, 1, 0, 0, 0, 1, 0, 0, 0 ),
"name": "SkirtLine.l.005",
"parent": 12,
"parent_name": "SkirtRoot",
"pose": Transform( 1, 0, 0, 0, 1, 0, 0, 0, 1, 0, 0, 0 ),
"rest": Transform( -0.226687, 0.380669, 0.896495, -0.557649, -0.80538, 0.200973, 0.798524, -0.454372, 0.394849, 0.0786929, 0.051036, -0.0161046 )
},
14: {
"bone_rest_disabled": false,
"custom_pose": Transform( 1, 0, 0, 0, 1, 0, 0, 0, 1, 0, 0, 0 ),
"name": "SkirtLine.l.006",
"parent": 13,
"parent_name": "SkirtLine.l.005",
"pose": Transform( 1, 0, 0, 0, 1, 0, 0, 0, 1, 0, 0, 0 ),
"rest": Transform( 0.929869, 0.333733, 0.154811, -0.347445, 0.934983, 0.071334, -0.120939, -0.120119, 0.985366, 6.58536e-08, 0.199466, 2.94872e-08 )
},
15: {
"bone_rest_disabled": false,
"custom_pose": Transform( 1, 0, 0, 0, 1, 0, 0, 0, 1, 0, 0, 0 ),
"name": "SkirtLine.l.007",
"parent": 14,
"parent_name": "SkirtLine.l.006",
"pose": Transform( 1, 0, 0, 0, 1, 0, 0, 0, 1, 0, 0, 0 ),
"rest": Transform( 0.999923, 0.0120652, 0.00291081, -0.0120791, 0.999916, 0.00482067, -0.00285241, -0.00485546, 0.999984, 0, 0.242493, -7.45058e-09 )
},
16: {
"bone_rest_disabled": false,
"custom_pose": Transform( 1, 0, 0, 0, 1, 0, 0, 0, 1, 0, 0, 0 ),
"name": "SkirtLine.l.008",
"parent": 15,
"parent_name": "SkirtLine.l.007",
"pose": Transform( 1, 0, 0, 0, 1, 0, 0, 0, 1, 0, 0, 0 ),
"rest": Transform( 0.999984, -0.0056356, -0.00102749, 0.00562736, 0.999953, -0.0078448, 0.00107165, 0.00783889, 0.999969, 2.96344e-08, 0.242658, -2.58434e-08 )
},
17: {
"bone_rest_disabled": false,
"custom_pose": Transform( 1, 0, 0, 0, 1, 0, 0, 0, 1, 0, 0, 0 ),
"name": "SkirtLine.l.009",
"parent": 12,
"parent_name": "SkirtRoot",
"pose": Transform( 1, 0, 0, 0, 1, 0, 0, 0, 1, 0, 0, 0 ),
"rest": Transform( -0.664285, 0.409689, 0.625204, 0.0243641, -0.824105, 0.565913, 0.747082, 0.39116, 0.537459, 0.0759395, 0.0609948, 0.0666636 )
},
18: {
"bone_rest_disabled": false,
"custom_pose": Transform( 1, 0, 0, 0, 1, 0, 0, 0, 1, 0, 0, 0 ),
"name": "SkirtLine.l.010",
"parent": 17,
"parent_name": "SkirtLine.l.009",
"pose": Transform( 1, 0, 0, 0, 1, 0, 0, 0, 1, 0, 0, 0 ),
"rest": Transform( 0.989974, -0.0229535, -0.139371, 0.0706132, 0.934983, 0.347591, 0.122331, -0.353948, 0.92723, 3.58185e-08, 0.199466, 9.90263e-08 )
},
19: {
"bone_rest_disabled": false,
"custom_pose": Transform( 1, 0, 0, 0, 1, 0, 0, 0, 1, 0, 0, 0 ),
"name": "SkirtLine.l.011",
"parent": 18,
"parent_name": "SkirtLine.l.010",
"pose": Transform( 1, 0, 0, 0, 1, 0, 0, 0, 1, 0, 0, 0 ),
"rest": Transform( 0.999983, -0.00483054, -0.00327902, 0.00486976, 0.999915, 0.0120595, 0.00322049, -0.0120753, 0.999922, -2.94163e-08, 0.242493, -5.1504e-08 )
},
20: {
"bone_rest_disabled": false,
"custom_pose": Transform( 1, 0, 0, 0, 1, 0, 0, 0, 1, 0, 0, 0 ),
"name": "SkirtLine.l.012",
"parent": 19,
"parent_name": "SkirtLine.l.011",
"pose": Transform( 1, 0, 0, 0, 1, 0, 0, 0, 1, 0, 0, 0 ),
"rest": Transform( 0.999967, 0.00786186, 0.00193794, -0.00785086, 0.999953, -0.00561896, -0.00198203, 0.00560356, 0.999982, -2.98023e-08, 0.242658, -3.72529e-08 )
},
21: {
"bone_rest_disabled": false,
"custom_pose": Transform( 1, 0, 0, 0, 1, 0, 0, 0, 1, 0, 0, 0 ),
"name": "SkirtLine.r.009",
"parent": 12,
"parent_name": "SkirtRoot",
"pose": Transform( 1, 0, 0, 0, 1, 0, 0, 0, 1, 0, 0, 0 ),
"rest": Transform( -0.664285, -0.409689, -0.625204, -0.0243641, -0.824105, 0.565913, -0.747082, 0.39116, 0.537459, -0.0759395, 0.0609948, 0.0666636 )
},
22: {
"bone_rest_disabled": false,
"custom_pose": Transform( 1, 0, 0, 0, 1, 0, 0, 0, 1, 0, 0, 0 ),
"name": "SkirtLine.r.010",
"parent": 21,
"parent_name": "SkirtLine.r.009",
"pose": Transform( 1, 0, 0, 0, 1, 0, 0, 0, 1, 0, 0, 0 ),
"rest": Transform( 0.989974, 0.0229535, 0.139371, -0.0706132, 0.934983, 0.347591, -0.122331, -0.353948, 0.92723, -3.58185e-08, 0.199466, 9.90263e-08 )
},
23: {
"bone_rest_disabled": false,
"custom_pose": Transform( 1, 0, 0, 0, 1, 0, 0, 0, 1, 0, 0, 0 ),
"name": "SkirtLine.r.011",
"parent": 22,
"parent_name": "SkirtLine.r.010",
"pose": Transform( 1, 0, 0, 0, 1, 0, 0, 0, 1, 0, 0, 0 ),
"rest": Transform( 0.999983, 0.00483054, 0.00327902, -0.00486976, 0.999915, 0.0120595, -0.00322049, -0.0120753, 0.999922, 2.94163e-08, 0.242493, -5.1504e-08 )
},
24: {
"bone_rest_disabled": false,
"custom_pose": Transform( 1, 0, 0, 0, 1, 0, 0, 0, 1, 0, 0, 0 ),
"name": "SkirtLine.r.012",
"parent": 23,
"parent_name": "SkirtLine.r.011",
"pose": Transform( 1, 0, 0, 0, 1, 0, 0, 0, 1, 0, 0, 0 ),
"rest": Transform( 0.999967, -0.00786186, -0.00193794, 0.00785086, 0.999953, -0.00561896, 0.00198203, 0.00560356, 0.999982, 2.98023e-08, 0.242658, -3.72529e-08 )
},
25: {
"bone_rest_disabled": false,
"custom_pose": Transform( 1, 0, 0, 0, 1, 0, 0, 0, 1, 0, 0, 0 ),
"name": "SkirtLine.l.001",
"parent": 12,
"parent_name": "SkirtRoot",
"pose": Transform( 1, 0, 0, 0, 1, 0, 0, 0, 1, 0, 0, 0 ),
"rest": Transform( -0.413467, 0.535719, 0.736241, -0.315874, -0.842772, 0.435842, 0.853972, -0.052353, 0.517678, 0.12273, 0.0325402, 0.0383982 )
},
26: {
"bone_rest_disabled": false,
"custom_pose": Transform( 1, 0, 0, 0, 1, 0, 0, 0, 1, 0, 0, 0 ),
"name": "SkirtLine.l.002",
"parent": 25,
"parent_name": "SkirtLine.l.001",
"pose": Transform( 1, 0, 0, 0, 1, 0, 0, 0, 1, 0, 0, 0 ),
"rest": Transform( 0.995517, 0.0923353, 0.0204918, -0.0944707, 0.981231, 0.16811, -0.00458475, -0.169292, 0.985555, -2.7329e-08, 0.181039, -3.22446e-09 )
},
27: {
"bone_rest_disabled": false,
"custom_pose": Transform( 1, 0, 0, 0, 1, 0, 0, 0, 1, 0, 0, 0 ),
"name": "SkirtLine.l.003",
"parent": 26,
"parent_name": "SkirtLine.l.002",
"pose": Transform( 1, 0, 0, 0, 1, 0, 0, 0, 1, 0, 0, 0 ),
"rest": Transform( 0.999827, -0.0186103, 0.00090148, 0.0186281, 0.999446, -0.0275956, -0.000387418, 0.0276076, 0.999619, -6.15158e-08, 0.24576, -3.95469e-08 )
},
28: {
"bone_rest_disabled": false,
"custom_pose": Transform( 1, 0, 0, 0, 1, 0, 0, 0, 1, 0, 0, 0 ),
"name": "SkirtLine.l.004",
"parent": 27,
"parent_name": "SkirtLine.l.003",
"pose": Transform( 1, 0, 0, 0, 1, 0, 0, 0, 1, 0, 0, 0 ),
"rest": Transform( 0.997751, 0.0669683, 0.00296738, -0.0669181, 0.992448, 0.102803, 0.00393958, -0.10277, 0.994697, -3.23823e-09, 0.250378, 1.23576e-08 )
},
29: {
"bone_rest_disabled": false,
"custom_pose": Transform( 1, 0, 0, 0, 1, 0, 0, 0, 1, 0, 0, 0 ),
"name": "SkirtLine.b.001",
"parent": 12,
"parent_name": "SkirtRoot",
"pose": Transform( 1, 0, 0, 0, 1, 0, 0, 0, 1, 0, 0, 0 ),
"rest": Transform( -0.736328, 1.49012e-08, 0.676624, -0.380754, -0.826644, -0.41435, 0.559328, -0.562725, 0.608681, -1.03699e-15, 0.0530487, -0.0361868 )
},
30: {
"bone_rest_disabled": false,
"custom_pose": Transform( 1, 0, 0, 0, 1, 0, 0, 0, 1, 0, 0, 0 ),
"name": "SkirtLine.b.002",
"parent": 29,
"parent_name": "SkirtLine.b.001",
"pose": Transform( 1, 0, 0, 0, 1, 0, 0, 0, 1, 0, 0, 0 ),
"rest": Transform( 0.944882, 0.218476, -0.243857, -0.266054, 0.946436, -0.182959, 0.190823, 0.237754, 0.952397, -4.66413e-08, 0.199616, -3.58136e-08 )
},
31: {
"bone_rest_disabled": false,
"custom_pose": Transform( 1, 0, 0, 0, 1, 0, 0, 0, 1, 0, 0, 0 ),
"name": "SkirtLine.b.003",
"parent": 30,
"parent_name": "SkirtLine.b.002",
"pose": Transform( 1, 0, 0, 0, 1, 0, 0, 0, 1, 0, 0, 0 ),
"rest": Transform( 0.999192, 0.0392961, -0.00842747, -0.0395084, 0.998862, -0.0267116, 0.00736822, 0.027023, 0.999608, 1.28112e-08, 0.244673, -1.16774e-08 )
},
32: {
"bone_rest_disabled": false,
"custom_pose": Transform( 1, 0, 0, 0, 1, 0, 0, 0, 1, 0, 0, 0 ),
"name": "SkirtLine.b.004",
"parent": 31,
"parent_name": "SkirtLine.b.003",
"pose": Transform( 1, 0, 0, 0, 1, 0, 0, 0, 1, 0, 0, 0 ),
"rest": Transform( 0.99992, -0.00604838, 0.0111141, 0.0060025, 0.999973, 0.00415639, -0.011139, -0.00408934, 0.99993, -3.14502e-09, 0.242657, -3.09576e-09 )
},
33: {
"bone_rest_disabled": false,
"custom_pose": Transform( 1, 0, 0, 0, 1, 0, 0, 0, 1, 0, 0, 0 ),
"name": "SkirtLine.r.001",
"parent": 12,
"parent_name": "SkirtRoot",
"pose": Transform( 1, 0, 0, 0, 1, 0, 0, 0, 1, 0, 0, 0 ),
"rest": Transform( -0.413467, -0.535719, -0.736241, 0.315874, -0.842772, 0.435842, -0.853972, -0.052353, 0.517678, -0.12273, 0.0325402, 0.0383982 )
},
34: {
"bone_rest_disabled": false,
"custom_pose": Transform( 1, 0, 0, 0, 1, 0, 0, 0, 1, 0, 0, 0 ),
"name": "SkirtLine.r.002",
"parent": 33,
"parent_name": "SkirtLine.r.001",
"pose": Transform( 1, 0, 0, 0, 1, 0, 0, 0, 1, 0, 0, 0 ),
"rest": Transform( 0.995517, -0.0923353, -0.0204918, 0.0944707, 0.981231, 0.16811, 0.00458475, -0.169292, 0.985555, 2.7329e-08, 0.181039, -3.22446e-09 )
},
35: {
"bone_rest_disabled": false,
"custom_pose": Transform( 1, 0, 0, 0, 1, 0, 0, 0, 1, 0, 0, 0 ),
"name": "SkirtLine.r.003",
"parent": 34,
"parent_name": "SkirtLine.r.002",
"pose": Transform( 1, 0, 0, 0, 1, 0, 0, 0, 1, 0, 0, 0 ),
"rest": Transform( 0.999827, 0.0186103, -0.00090148, -0.0186281, 0.999446, -0.0275956, 0.000387418, 0.0276076, 0.999619, 6.15158e-08, 0.24576, -3.95469e-08 )
},
36: {
"bone_rest_disabled": false,
"custom_pose": Transform( 1, 0, 0, 0, 1, 0, 0, 0, 1, 0, 0, 0 ),
"name": "SkirtLine.r.004",
"parent": 35,
"parent_name": "SkirtLine.r.003",
"pose": Transform( 1, 0, 0, 0, 1, 0, 0, 0, 1, 0, 0, 0 ),
"rest": Transform( 0.997751, -0.0669683, -0.00296738, 0.0669181, 0.992448, 0.102803, -0.00393958, -0.10277, 0.994697, 3.23823e-09, 0.250378, 1.23576e-08 )
},
37: {
"bone_rest_disabled": false,
"custom_pose": Transform( 1, 0, 0, 0, 1, 0, 0, 0, 1, 0, 0, 0 ),
"name": "SkirtLine.r.005",
"parent": 12,
"parent_name": "SkirtRoot",
"pose": Transform( 1, 0, 0, 0, 1, 0, 0, 0, 1, 0, 0, 0 ),
"rest": Transform( -0.226687, -0.380669, -0.896495, 0.557649, -0.80538, 0.200973, -0.798524, -0.454372, 0.394849, -0.0786929, 0.051036, -0.0161046 )
},
38: {
"bone_rest_disabled": false,
"custom_pose": Transform( 1, 0, 0, 0, 1, 0, 0, 0, 1, 0, 0, 0 ),
"name": "SkirtLine.r.006",
"parent": 37,
"parent_name": "SkirtLine.r.005",
"pose": Transform( 1, 0, 0, 0, 1, 0, 0, 0, 1, 0, 0, 0 ),
"rest": Transform( 0.929869, -0.333733, -0.154811, 0.347445, 0.934983, 0.071334, 0.120939, -0.120119, 0.985366, -6.58536e-08, 0.199466, 2.94872e-08 )
},
39: {
"bone_rest_disabled": false,
"custom_pose": Transform( 1, 0, 0, 0, 1, 0, 0, 0, 1, 0, 0, 0 ),
"name": "SkirtLine.r.007",
"parent": 38,
"parent_name": "SkirtLine.r.006",
"pose": Transform( 1, 0, 0, 0, 1, 0, 0, 0, 1, 0, 0, 0 ),
"rest": Transform( 0.999923, -0.0120652, -0.00291081, 0.0120791, 0.999916, 0.00482067, 0.00285241, -0.00485546, 0.999984, 0, 0.242493, -7.45058e-09 )
},
40: {
"bone_rest_disabled": false,
"custom_pose": Transform( 1, 0, 0, 0, 1, 0, 0, 0, 1, 0, 0, 0 ),
"name": "SkirtLine.r.008",
"parent": 39,
"parent_name": "SkirtLine.r.007",
"pose": Transform( 1, 0, 0, 0, 1, 0, 0, 0, 1, 0, 0, 0 ),
"rest": Transform( 0.999984, 0.0056356, 0.00102749, -0.00562736, 0.999953, -0.0078448, -0.00107165, 0.00783889, 0.999969, -2.96344e-08, 0.242658, -2.58434e-08 )
},
41: {
"bone_rest_disabled": false,
"custom_pose": Transform( 1, 0, 0, 0, 1, 0, 0, 0, 1, 0, 0, 0 ),
"name": "SkirtLine.f.001",
"parent": 12,
"parent_name": "SkirtRoot",
"pose": Transform( 1, 0, 0, 0, 1, 0, 0, 0, 1, 0, 0, 0 ),
"rest": Transform( -0.736329, 7.45058e-08, 0.676625, 0.380063, -0.827338, 0.4136, 0.559797, 0.561705, 0.609193, 6.22743e-08, 0.0530486, 0.112746 )
},
42: {
"bone_rest_disabled": false,
"custom_pose": Transform( 1, 0, 0, 0, 1, 0, 0, 0, 1, 0, 0, 0 ),
"name": "SkirtLine.f.002",
"parent": 41,
"parent_name": "SkirtLine.f.001",
"pose": Transform( 1, 0, 0, 0, 1, 0, 0, 0, 1, 0, 0, 0 ),
"rest": Transform( 0.938535, -0.23987, -0.248222, 0.292107, 0.935052, 0.200875, 0.183916, -0.261035, 0.947647, 9.92059e-09, 0.199449, 9.40866e-08 )
},
43: {
"bone_rest_disabled": false,
"custom_pose": Transform( 1, 0, 0, 0, 1, 0, 0, 0, 1, 0, 0, 0 ),
"name": "SkirtLine.f.003",
"parent": 42,
"parent_name": "SkirtLine.f.002",
"pose": Transform( 1, 0, 0, 0, 1, 0, 0, 0, 1, 0, 0, 0 ),
"rest": Transform( 0.999912, -0.0106031, -0.00794046, 0.0106604, 0.999917, 0.00720746, 0.00786339, -0.00729148, 0.999942, -1.61034e-08, 0.242493, -4.27823e-08 )
},
44: {
"bone_rest_disabled": false,
"custom_pose": Transform( 1, 0, 0, 0, 1, 0, 0, 0, 1, 0, 0, 0 ),
"name": "SkirtLine.f.004",
"parent": 43,
"parent_name": "SkirtLine.f.003",
"pose": Transform( 1, 0, 0, 0, 1, 0, 0, 0, 1, 0, 0, 0 ),
"rest": Transform( 0.997251, -0.0735098, 0.00926638, 0.0729522, 0.996055, 0.0505148, -0.0129432, -0.0497, 0.99868, -6.92165e-08, 0.242657, 1.87893e-08 )
},
45: {
"bone_rest_disabled": false,
"custom_pose": Transform( 1, 0, 0, 0, 1, 0, 0, 0, 1, 0, 0, 0 ),
"name": "DEF-pelvis.R",
"parent": 4,
"parent_name": "DEF-spine",
"pose": Transform( 1, 0, 0, 0, 1, 0, 0, 0, 1, 0, 0, 0 ),
"rest": Transform( -0.421772, -0.536322, 0.731073, 0.052532, 0.79049, 0.610218, -0.905179, 0.295778, -0.305233, 3.10056e-08, 7.05337e-08, -4.14444e-08 )
},
46: {
"bone_rest_disabled": false,
"custom_pose": Transform( 1, 0, 0, 0, 1, 0, 0, 0, 1, 0, 0, 0 ),
"name": "DEF-thigh.R",
"parent": 45,
"parent_name": "DEF-pelvis.R",
"pose": Transform( 1, 0, 0, 0, 1, 0, 0, 0, 1, 0, 0, 0 ),
"rest": Transform( -0.421772, -0.342026, 0.839718, -0.536322, -0.652623, -0.535203, 0.731072, -0.676093, 0.0918223, 0.0196643, 0.105939, -0.0331351 )
},
47: {
"bone_rest_disabled": false,
"custom_pose": Transform( 1, 0, 0, 0, 1, 0, 0, 0, 1, 0, 0, 0 ),
"name": "DEF-thigh.R.001",
"parent": 46,
"parent_name": "DEF-thigh.R",
"pose": Transform( 1, 0, 0, 0, 1, 0, 0, 0, 1, 0, 0, 0 ),
"rest": Transform( 1, 5.96046e-08, -7.45051e-09, -5.96046e-08, 1, 3.72529e-08, 7.45051e-09, -3.72529e-08, 1, -5.60945e-09, 0.244473, 8.81655e-09 )
},
48: {
"bone_rest_disabled": false,
"custom_pose": Transform( 1, 0, 0, 0, 1, 0, 0, 0, 1, 0, 0, 0 ),
"name": "DEF-shin.R",
"parent": 47,
"parent_name": "DEF-thigh.R.001",
"pose": Transform( 1, 0, 0, 0, 1, 0, 0, 0, 1, 0, 0, 0 ),
"rest": Transform( 1, -4.15876e-08, -0.000224492, -3.91128e-05, 0.984673, -0.17441, 0.000221059, 0.17441, 0.984673, 7.67183e-09, 0.244473, -6.42425e-09 )
},
49: {
"bone_rest_disabled": false,
"custom_pose": Transform( 1, 0, 0, 0, 1, 0, 0, 0, 1, 0, 0, 0 ),
"name": "DEF-shin.R.001",
"parent": 48,
"parent_name": "DEF-shin.R",
"pose": Transform( 1, 0, 0, 0, 1, 0, 0, 0, 1, 0, 0, 0 ),
"rest": Transform( 1, -5.23646e-12, 5.11591e-11, 5.23646e-12, 1, 3.72881e-08, -5.11591e-11, -3.72881e-08, 1, 6.73901e-09, 0.207028, 2.02999e-09 )
},
50: {
"bone_rest_disabled": false,
"custom_pose": Transform( 1, 0, 0, 0, 1, 0, 0, 0, 1, 0, 0, 0 ),
"name": "DEF-foot.R",
"parent": 49,
"parent_name": "DEF-shin.R.001",
"pose": Transform( 1, 0, 0, 0, 1, 0, 0, 0, 1, 0, 0, 0 ),
"rest": Transform( 1, -0.000200966, -0.000144621, 0.000218784, 0.443775, 0.896138, -0.000115914, -0.896138, 0.443775, -8.16452e-09, 0.207028, 7.74066e-09 )
},
51: {
"bone_rest_disabled": false,
"custom_pose": Transform( 1, 0, 0, 0, 1, 0, 0, 0, 1, 0, 0, 0 ),
"name": "DEF-toe.R",
"parent": 50,
"parent_name": "DEF-foot.R",
"pose": Transform( 1, 0, 0, 0, 1, 0, 0, 0, 1, 0, 0, 0 ),
"rest": Transform( -1, -0.000129394, -0.000206943, -4.63915e-08, 0.847998, -0.529999, 0.000244066, -0.529999, -0.847998, -5.08589e-09, 0.117818, -2.63753e-10 )
},
52: {
"bone_rest_disabled": false,
"custom_pose": Transform( 1, 0, 0, 0, 1, 0, 0, 0, 1, 0, 0, 0 ),
"name": "DEF-spine.001",
"parent": 4,
"parent_name": "DEF-spine",
"pose": Transform( 1, 0, 0, 0, 1, 0, 0, 0, 1, 0, 0, 0 ),
"rest": Transform( 1, 3.06808e-08, 1.98225e-09, -3.06808e-08, 0.991686, 0.128685, 1.98239e-09, -0.128685, 0.991686, 1.55431e-15, 0.138761, -2.79397e-09 )
},
53: {
"bone_rest_disabled": false,
"custom_pose": Transform( 1, 0, 0, 0, 1, 0, 0, 0, 1, 0, 0, 0 ),
"name": "DEF-spine.002",
"parent": 52,
"parent_name": "DEF-spine.001",
"pose": Transform( 1, 0, 0, 0, 1, 0, 0, 0, 1, 0, 0, 0 ),
"rest": Transform( 1, 3.68267e-08, 2.86139e-09, -3.68268e-08, 0.987998, 0.154463, 2.86131e-09, -0.154463, 0.987999, -2.16493e-15, 0.124556, 9.0804e-09 )
},
54: {
"bone_rest_disabled": false,
"custom_pose": Transform( 1, 0, 0, 0, 1, 0, 0, 0, 1, 0, 0, 0 ),
"name": "DEF-breast.R",
"parent": 53,
"parent_name": "DEF-spine.002",
"pose": Transform( 1, 0, 0, 0, 1, 0, 0, 0, 1, 0, 0, 0 ),
"rest": Transform( -1, -2.34862e-07, -9.14607e-08, -8.39429e-08, -0.0318124, 0.999494, -2.37653e-07, 0.999494, 0.0318124, -0.109898, 0.160183, 0.131594 )
},
55: {
"bone_rest_disabled": false,
"custom_pose": Transform( 1, 0, 0, 0, 1, 0, 0, 0, 1, 0, 0, 0 ),
"name": "DEF-spine.003",
"parent": 53,
"parent_name": "DEF-spine.002",
"pose": Transform( 1, 0, 0, 0, 1, 0, 0, 0, 1, 0, 0, 0 ),
"rest": Transform( 1, -7.75884e-10, -2.38417e-07, 3.60822e-16, 0.999995, -0.00325429, 2.38419e-07, 0.00325429, 0.999995, -8.88178e-16, 0.157602, 9.31323e-10 )
},
56: {
"bone_rest_disabled": false,
"custom_pose": Transform( 1, 0, 0, 0, 1, 0, 0, 0, 1, 0, 0, 0 ),
"name": "DEF-shoulder.R",
"parent": 55,
"parent_name": "DEF-spine.003",
"pose": Transform( 1, 0, 0, 0, 1, 0, 0, 0, 1, 0, 0, 0 ),
"rest": Transform( 0.507095, -0.86189, -0.00052923, 0.0246889, 0.013912, 0.999598, -0.861537, -0.506904, 0.0283338, -0.016682, 0.125089, 0.0713325 )
},
57: {
"bone_rest_disabled": false,
"custom_pose": Transform( 1, 0, 0, 0, 1, 0, 0, 0, 1, 0, 0, 0 ),
"name": "DEF-upper_arm.R",
"parent": 56,
"parent_name": "DEF-shoulder.R",
"pose": Transform( 1, 0, 0, 0, 1, 0, 0, 0, 1, 0, 0, 0 ),
"rest": Transform( -0.442888, -0.249726, -0.861097, 0.330938, 0.847073, -0.41587, 0.833265, -0.469153, -0.292515, -0.00710267, 0.183038, -0.0185825 )
},
58: {
"bone_rest_disabled": false,
"custom_pose": Transform( 1, 0, 0, 0, 1, 0, 0, 0, 1, 0, 0, 0 ),
"name": "DEF-upper_arm.R.001",
"parent": 57,
"parent_name": "DEF-upper_arm.R",
"pose": Transform( 1, 0, 0, 0, 1, 0, 0, 0, 1, 0, 0, 0 ),
"rest": Transform( 1, 1.75089e-07, 1.93715e-07, -1.75089e-07, 1, -1.49012e-08, -1.93715e-07, 1.49011e-08, 1, 1.4063e-07, 0.131501, -5.96047e-08 )
},
59: {
"bone_rest_disabled": false,
"custom_pose": Transform( 1, 0, 0, 0, 1, 0, 0, 0, 1, 0, 0, 0 ),
"name": "DEF-forearm.R",
"parent": 58,
"parent_name": "DEF-upper_arm.R.001",
"pose": Transform( 1, 0, 0, 0, 1, 0, 0, 0, 1, 0, 0, 0 ),
"rest": Transform( 1, -2.78034e-07, 8.21495e-07, 5.59425e-07, 0.930606, -0.366021, -6.62722e-07, 0.366021, 0.930607, 8.75443e-08, 0.131501, -1.82156e-08 )
},
60: {
"bone_rest_disabled": false,
"custom_pose": Transform( 1, 0, 0, 0, 1, 0, 0, 0, 1, 0, 0, 0 ),
"name": "DEF-forearm.R.001",
"parent": 59,
"parent_name": "DEF-forearm.R",
"pose": Transform( 1, 0, 0, 0, 1, 0, 0, 0, 1, 0, 0, 0 ),
"rest": Transform( 1, 3.03611e-07, -5.36442e-07, -3.03611e-07, 1, 1.95578e-07, 5.36442e-07, -1.95578e-07, 1, 1.82539e-07, 0.119799, 4.57412e-14 )
},
61: {
"bone_rest_disabled": false,
"custom_pose": Transform( 1, 0, 0, 0, 1, 0, 0, 0, 1, 0, 0, 0 ),
"name": "DEF-hand.R",
"parent": 60,
"parent_name": "DEF-forearm.R.001",
"pose": Transform( 1, 0, 0, 0, 1, 0, 0, 0, 1, 0, 0, 0 ),
"rest": Transform( 0.997823, -0.0659503, -6.61821e-07, 0.0659063, 0.997156, 0.0365463, -0.00240958, -0.0364668, 0.999332, -7.33664e-08, 0.119799, 3.32516e-08 )
},
62: {
"bone_rest_disabled": false,
"custom_pose": Transform( 1, 0, 0, 0, 1, 0, 0, 0, 1, 0, 0, 0 ),
"name": "DEF-palm.03.R",
"parent": 61,
"parent_name": "DEF-hand.R",
"pose": Transform( 1, 0, 0, 0, 1, 0, 0, 0, 1, 0, 0, 0 ),
"rest": Transform( 0.258308, 0.0268045, -0.965691, 0.0652558, 0.996848, 0.0451243, 0.963856, -0.0746729, 0.255745, 0.00436711, 0.0365055, -0.00963476 )
},
63: {
"bone_rest_disabled": false,
"custom_pose": Transform( 1, 0, 0, 0, 1, 0, 0, 0, 1, 0, 0, 0 ),
"name": "DEF-thumb.01.R",
"parent": 61,
"parent_name": "DEF-hand.R",
"pose": Transform( 1, 0, 0, 0, 1, 0, 0, 0, 1, 0, 0, 0 ),
"rest": Transform( -0.90602, -0.325913, 0.270016, -0.123158, 0.813393, 0.568528, -0.40492, 0.481844, -0.777089, -0.0121231, 0.028092, 0.0259893 )
},
64: {
"bone_rest_disabled": false,
"custom_pose": Transform( 1, 0, 0, 0, 1, 0, 0, 0, 1, 0, 0, 0 ),
"name": "DEF-thumb.02.R",
"parent": 63,
"parent_name": "DEF-thumb.01.R",
"pose": Transform( 1, 0, 0, 0, 1, 0, 0, 0, 1, 0, 0, 0 ),
"rest": Transform( 0.999763, 0.0217777, 3.70899e-07, -0.0204506, 0.938845, -0.343733, -0.00748606, 0.343651, 0.939068, -7.57756e-08, 0.0380538, -2.59936e-08 )
},
65: {
"bone_rest_disabled": false,
"custom_pose": Transform( 1, 0, 0, 0, 1, 0, 0, 0, 1, 0, 0, 0 ),
"name": "DEF-thumb.03.R",
"parent": 64,
"parent_name": "DEF-thumb.02.R",
"pose": Transform( 1, 0, 0, 0, 1, 0, 0, 0, 1, 0, 0, 0 ),
"rest": Transform( 0.998388, -0.0567401, 0.00148099, 0.0567094, 0.996073, -0.0679931, 0.00238275, 0.0679674, 0.997685, -5.66661e-08, 0.0304893, 2.29554e-08 )
},
66: {
"bone_rest_disabled": false,
"custom_pose": Transform( 1, 0, 0, 0, 1, 0, 0, 0, 1, 0, 0, 0 ),
"name": "DEF-f_ring.01.R",
"parent": 61,
"parent_name": "DEF-hand.R",
"pose": Transform( 1, 0, 0, 0, 1, 0, 0, 0, 1, 0, 0, 0 ),
"rest": Transform( 0.102347, -0.500288, -0.859789, -0.0279247, 0.862543, -0.505214, 0.994357, 0.0757164, 0.074308, 0.00607233, 0.0999282, -0.0143857 )
},
67: {
"bone_rest_disabled": false,
"custom_pose": Transform( 1, 0, 0, 0, 1, 0, 0, 0, 1, 0, 0, 0 ),
"name": "DEF-f_ring.02.R",
"parent": 66,
"parent_name": "DEF-f_ring.01.R",
"pose": Transform( 1, 0, 0, 0, 1, 0, 0, 0, 1, 0, 0, 0 ),
"rest": Transform( 0.999975, -0.0071031, -2.95753e-07, 0.007019, 0.988142, -0.153384, 0.0010898, 0.15338, 0.988167, -5.58792e-09, 0.0408545, 2.2236e-07 )
},
68: {
"bone_rest_disabled": false,
"custom_pose": Transform( 1, 0, 0, 0, 1, 0, 0, 0, 1, 0, 0, 0 ),
"name": "DEF-f_ring.03.R",
"parent": 67,
"parent_name": "DEF-f_ring.02.R",
"pose": Transform( 1, 0, 0, 0, 1, 0, 0, 0, 1, 0, 0, 0 ),
"rest": Transform( 0.999819, 0.0189123, -0.00225383, -0.0186504, 0.94817, -0.317214, -0.00386224, 0.317199, 0.948351, -9.83944e-09, 0.028989, 1.40565e-08 )
},
69: {
"bone_rest_disabled": false,
"custom_pose": Transform( 1, 0, 0, 0, 1, 0, 0, 0, 1, 0, 0, 0 ),
"name": "DEF-palm.02.R",
"parent": 61,
"parent_name": "DEF-hand.R",
"pose": Transform( 1, 0, 0, 0, 1, 0, 0, 0, 1, 0, 0, 0 ),
"rest": Transform( 0.222279, 0.034591, -0.974369, -0.0650442, 0.99767, 0.0205799, 0.972811, 0.0588026, 0.224011, 0.00806424, 0.0382625, 0.00390669 )
},
70: {
"bone_rest_disabled": false,
"custom_pose": Transform( 1, 0, 0, 0, 1, 0, 0, 0, 1, 0, 0, 0 ),
"name": "DEF-f_index.01.R",
"parent": 61,
"parent_name": "DEF-hand.R",
"pose": Transform( 1, 0, 0, 0, 1, 0, 0, 0, 1, 0, 0, 0 ),
"rest": Transform( -0.0157049, -0.316272, -0.948539, -0.072509, 0.946518, -0.314398, 0.997244, 0.0638399, -0.0377976, 0.0116233, 0.0986728, 0.0286407 )
},
71: {
"bone_rest_disabled": false,
"custom_pose": Transform( 1, 0, 0, 0, 1, 0, 0, 0, 1, 0, 0, 0 ),
"name": "DEF-f_index.02.R",
"parent": 70,
"parent_name": "DEF-f_index.01.R",
"pose": Transform( 1, 0, 0, 0, 1, 0, 0, 0, 1, 0, 0, 0 ),
"rest": Transform( 0.999935, 0.011424, -1.18976e-07, -0.0112842, 0.987693, -0.155998, -0.00178201, 0.155988, 0.987757, 1.81783e-08, 0.0410656, 6.11585e-08 )
},
72: {
"bone_rest_disabled": false,
"custom_pose": Transform( 1, 0, 0, 0, 1, 0, 0, 0, 1, 0, 0, 0 ),
"name": "DEF-f_index.03.R",
"parent": 71,
"parent_name": "DEF-f_index.02.R",
"pose": Transform( 1, 0, 0, 0, 1, 0, 0, 0, 1, 0, 0, 0 ),
"rest": Transform( 0.999678, -0.0252354, 0.00266187, 0.0251612, 0.972164, -0.232948, 0.00329076, 0.232939, 0.972486, -2.84326e-10, 0.0257231, -1.27692e-07 )
},
73: {
"bone_rest_disabled": false,
"custom_pose": Transform( 1, 0, 0, 0, 1, 0, 0, 0, 1, 0, 0, 0 ),
"name": "DEF-palm.01.R",
"parent": 61,
"parent_name": "DEF-hand.R",
"pose": Transform( 1, 0, 0, 0, 1, 0, 0, 0, 1, 0, 0, 0 ),
"rest": Transform( 0.204677, 0.0377424, -0.978102, -0.15048, 0.988591, 0.00665769, 0.967194, 0.145822, 0.208021, 0.0092277, 0.0359268, 0.0193853 )
},
74: {
"bone_rest_disabled": false,
"custom_pose": Transform( 1, 0, 0, 0, 1, 0, 0, 0, 1, 0, 0, 0 ),
"name": "DEF-f_middle.01.R",
"parent": 61,
"parent_name": "DEF-hand.R",
"pose": Transform( 1, 0, 0, 0, 1, 0, 0, 0, 1, 0, 0, 0 ),
"rest": Transform( 0.0843142, -0.391437, -0.916334, -0.0577512, 0.916143, -0.396669, 0.994764, 0.0863643, 0.054638, 0.0102143, 0.100276, 0.00756177 )
},
75: {
"bone_rest_disabled": false,
"custom_pose": Transform( 1, 0, 0, 0, 1, 0, 0, 0, 1, 0, 0, 0 ),
"name": "DEF-f_middle.02.R",
"parent": 74,
"parent_name": "DEF-f_middle.01.R",
"pose": Transform( 1, 0, 0, 0, 1, 0, 0, 0, 1, 0, 0, 0 ),
"rest": Transform( 0.999986, 0.00532375, -6.63102e-07, -0.00517152, 0.971364, -0.237543, -0.00126397, 0.237539, 0.971377, -6.22258e-09, 0.0451682, -1.36816e-07 )
},
76: {
"bone_rest_disabled": false,
"custom_pose": Transform( 1, 0, 0, 0, 1, 0, 0, 0, 1, 0, 0, 0 ),
"name": "DEF-f_middle.03.R",
"parent": 75,
"parent_name": "DEF-f_middle.02.R",
"pose": Transform( 1, 0, 0, 0, 1, 0, 0, 0, 1, 0, 0, 0 ),
"rest": Transform( 0.999917, -0.0128321, 0.000648526, 0.0128157, 0.992487, -0.121676, 0.00091771, 0.121674, 0.992569, -1.02445e-08, 0.0293449, 1.86265e-09 )
},
77: {
"bone_rest_disabled": false,
"custom_pose": Transform( 1, 0, 0, 0, 1, 0, 0, 0, 1, 0, 0, 0 ),
"name": "DEF-f_pinky.01.R",
"parent": 61,
"parent_name": "DEF-hand.R",
"pose": Transform( 1, 0, 0, 0, 1, 0, 0, 0, 1, 0, 0, 0 ),
"rest": Transform( 0.163495, -0.654447, -0.73822, 0.0583198, 0.753392, -0.654981, 0.984819, 0.0640332, 0.161343, -0.00333164, 0.0997763, -0.034968 )
},
78: {
"bone_rest_disabled": false,
"custom_pose": Transform( 1, 0, 0, 0, 1, 0, 0, 0, 1, 0, 0, 0 ),
"name": "DEF-f_pinky.02.R",
"parent": 77,
"parent_name": "DEF-f_pinky.01.R",
"pose": Transform( 1, 0, 0, 0, 1, 0, 0, 0, 1, 0, 0, 0 ),
"rest": Transform( 0.999965, -0.00836317, -8.86212e-08, 0.00832726, 0.995673, -0.0925562, 0.000774152, 0.092553, 0.995707, -7.45059e-09, 0.0254117, 7.65783e-08 )
},
79: {
"bone_rest_disabled": false,
"custom_pose": Transform( 1, 0, 0, 0, 1, 0, 0, 0, 1, 0, 0, 0 ),
"name": "DEF-f_pinky.03.R",
"parent": 78,
"parent_name": "DEF-f_pinky.02.R",
"pose": Transform( 1, 0, 0, 0, 1, 0, 0, 0, 1, 0, 0, 0 ),
"rest": Transform( 0.999782, 0.020817, -0.00145044, -0.020753, 0.984626, -0.17344, -0.00218235, 0.173432, 0.984843, 7.36088e-09, 0.0205951, 4.33019e-08 )
},
80: {
"bone_rest_disabled": false,
"custom_pose": Transform( 1, 0, 0, 0, 1, 0, 0, 0, 1, 0, 0, 0 ),
"name": "DEF-palm.04.R",
"parent": 61,
"parent_name": "DEF-hand.R",
"pose": Transform( 1, 0, 0, 0, 1, 0, 0, 0, 1, 0, 0, 0 ),
"rest": Transform( 0.228561, -0.0392081, -0.97274, 0.18848, 0.982066, 0.00470249, 0.95511, -0.184417, 0.231852, -0.000658102, 0.0328105, -0.0223928 )
},
81: {
"bone_rest_disabled": false,
"custom_pose": Transform( 1, 0, 0, 0, 1, 0, 0, 0, 1, 0, 0, 0 ),
"name": "DEF-shoulder.L",
"parent": 55,
"parent_name": "DEF-spine.003",
"pose": Transform( 1, 0, 0, 0, 1, 0, 0, 0, 1, 0, 0, 0 ),
"rest": Transform( 0.507095, 0.86189, 0.00052923, -0.0246889, 0.013912, 0.999598, 0.861537, -0.506904, 0.0283338, 0.016682, 0.125089, 0.0713325 )
},
82: {
"bone_rest_disabled": false,
"custom_pose": Transform( 1, 0, 0, 0, 1, 0, 0, 0, 1, 0, 0, 0 ),
"name": "DEF-upper_arm.L",
"parent": 81,
"parent_name": "DEF-shoulder.L",
"pose": Transform( 1, 0, 0, 0, 1, 0, 0, 0, 1, 0, 0, 0 ),
"rest": Transform( -0.442888, 0.249726, 0.861097, -0.330938, 0.847073, -0.41587, -0.833265, -0.469153, -0.292515, 0.00710267, 0.183038, -0.0185825 )
},
83: {
"bone_rest_disabled": false,
"custom_pose": Transform( 1, 0, 0, 0, 1, 0, 0, 0, 1, 0, 0, 0 ),
"name": "DEF-upper_arm.L.001",
"parent": 82,
"parent_name": "DEF-upper_arm.L",
"pose": Transform( 1, 0, 0, 0, 1, 0, 0, 0, 1, 0, 0, 0 ),
"rest": Transform( 1, -1.75089e-07, -1.93715e-07, 1.75089e-07, 1, -1.49012e-08, 1.93715e-07, 1.49011e-08, 1, -1.4063e-07, 0.131501, -5.96047e-08 )
},
84: {
"bone_rest_disabled": false,
"custom_pose": Transform( 1, 0, 0, 0, 1, 0, 0, 0, 1, 0, 0, 0 ),
"name": "DEF-forearm.L",
"parent": 83,
"parent_name": "DEF-upper_arm.L.001",
"pose": Transform( 1, 0, 0, 0, 1, 0, 0, 0, 1, 0, 0, 0 ),
"rest": Transform( 1, 2.78034e-07, -8.21495e-07, -5.59425e-07, 0.930606, -0.366021, 6.62722e-07, 0.366021, 0.930607, -8.75443e-08, 0.131501, -1.82156e-08 )
},
85: {
"bone_rest_disabled": false,
"custom_pose": Transform( 1, 0, 0, 0, 1, 0, 0, 0, 1, 0, 0, 0 ),
"name": "DEF-forearm.L.001",
"parent": 84,
"parent_name": "DEF-forearm.L",
"pose": Transform( 1, 0, 0, 0, 1, 0, 0, 0, 1, 0, 0, 0 ),
"rest": Transform( 1, -3.03611e-07, 5.36442e-07, 3.03611e-07, 1, 1.95578e-07, -5.36442e-07, -1.95578e-07, 1, -1.82539e-07, 0.119799, 4.57412e-14 )
},
86: {
"bone_rest_disabled": false,
"custom_pose": Transform( 1, 0, 0, 0, 1, 0, 0, 0, 1, 0, 0, 0 ),
"name": "DEF-hand.L",
"parent": 85,
"parent_name": "DEF-forearm.L.001",
"pose": Transform( 1, 0, 0, 0, 1, 0, 0, 0, 1, 0, 0, 0 ),
"rest": Transform( 0.997823, 0.0659503, 6.61821e-07, -0.0659063, 0.997156, 0.0365463, 0.00240958, -0.0364668, 0.999332, 7.33664e-08, 0.119799, 3.32516e-08 )
},
87: {
"bone_rest_disabled": false,
"custom_pose": Transform( 1, 0, 0, 0, 1, 0, 0, 0, 1, 0, 0, 0 ),
"name": "DEF-palm.02.L",
"parent": 86,
"parent_name": "DEF-hand.L",
"pose": Transform( 1, 0, 0, 0, 1, 0, 0, 0, 1, 0, 0, 0 ),
"rest": Transform( 0.222279, -0.034591, 0.974369, 0.0650442, 0.99767, 0.0205799, -0.972811, 0.0588026, 0.224011, -0.00806424, 0.0382625, 0.00390669 )
},
88: {
"bone_rest_disabled": false,
"custom_pose": Transform( 1, 0, 0, 0, 1, 0, 0, 0, 1, 0, 0, 0 ),
"name": "DEF-palm.03.L",
"parent": 86,
"parent_name": "DEF-hand.L",
"pose": Transform( 1, 0, 0, 0, 1, 0, 0, 0, 1, 0, 0, 0 ),
"rest": Transform( 0.25827, -0.0271195, 0.965692, -0.0638295, 0.996943, 0.045068, -0.963962, -0.0732793, 0.255749, -0.00434713, 0.0364964, -0.00972322 )
},
89: {
"bone_rest_disabled": false,
"custom_pose": Transform( 1, 0, 0, 0, 1, 0, 0, 0, 1, 0, 0, 0 ),
"name": "DEF-f_index.01.L",
"parent": 86,
"parent_name": "DEF-hand.L",
"pose": Transform( 1, 0, 0, 0, 1, 0, 0, 0, 1, 0, 0, 0 ),
"rest": Transform( -0.00186944, 0.316822, 0.948483, 0.0656719, 0.946476, -0.316022, -0.99784, 0.0616979, -0.0225757, -0.0116232, 0.0986727, 0.0286406 )
},
90: {
"bone_rest_disabled": false,
"custom_pose": Transform( 1, 0, 0, 0, 1, 0, 0, 0, 1, 0, 0, 0 ),
"name": "DEF-f_index.02.L",
"parent": 89,
"parent_name": "DEF-f_index.01.L",
"pose": Transform( 1, 0, 0, 0, 1, 0, 0, 0, 1, 0, 0, 0 ),
"rest": Transform( 0.999894, -0.0145474, 1.99082e-06, 0.0143728, 0.987869, -0.154623, 0.0022474, 0.154607, 0.987973, 5.24254e-11, 0.0410577, 1.63392e-07 )
},
91: {
"bone_rest_disabled": false,
"custom_pose": Transform( 1, 0, 0, 0, 1, 0, 0, 0, 1, 0, 0, 0 ),
"name": "DEF-f_index.03.L",
"parent": 90,
"parent_name": "DEF-f_index.02.L",
"pose": Transform( 1, 0, 0, 0, 1, 0, 0, 0, 1, 0, 0, 0 ),
"rest": Transform( 0.999478, 0.0321345, -0.00339839, -0.0320396, 0.971835, -0.233475, -0.00419992, 0.233462, 0.972357, 2.82152e-08, 0.0257281, -1.98794e-08 )
},
92: {
"bone_rest_disabled": false,
"custom_pose": Transform( 1, 0, 0, 0, 1, 0, 0, 0, 1, 0, 0, 0 ),
"name": "DEF-f_middle.01.L",
"parent": 86,
"parent_name": "DEF-hand.L",
"pose": Transform( 1, 0, 0, 0, 1, 0, 0, 0, 1, 0, 0, 0 ),
"rest": Transform( 0.0953307, 0.391952, 0.915033, 0.0508261, 0.916104, -0.397706, -0.994147, 0.0844211, 0.0674115, -0.0102144, 0.100276, 0.00756178 )
},
93: {
"bone_rest_disabled": false,
"custom_pose": Transform( 1, 0, 0, 0, 1, 0, 0, 0, 1, 0, 0, 0 ),
"name": "DEF-f_middle.02.L",
"parent": 92,
"parent_name": "DEF-f_middle.01.L",
"pose": Transform( 1, 0, 0, 0, 1, 0, 0, 0, 1, 0, 0, 0 ),
"rest": Transform( 0.999974, -0.00723173, -1.38162e-06, 0.00702596, 0.971566, -0.236666, 0.00171284, 0.236659, 0.971591, -7.38126e-09, 0.0451605, -2.01761e-07 )
},
94: {
"bone_rest_disabled": false,
"custom_pose": Transform( 1, 0, 0, 0, 1, 0, 0, 0, 1, 0, 0, 0 ),
"name": "DEF-f_middle.03.L",
"parent": 93,
"parent_name": "DEF-f_middle.02.L",
"pose": Transform( 1, 0, 0, 0, 1, 0, 0, 0, 1, 0, 0, 0 ),
"rest": Transform( 0.999848, 0.0174316, -0.000882272, -0.0174089, 0.992366, -0.122092, -0.00125273, 0.122089, 0.992518, -8.43449e-09, 0.0293494, 1.36691e-07 )
},
95: {
"bone_rest_disabled": false,
"custom_pose": Transform( 1, 0, 0, 0, 1, 0, 0, 0, 1, 0, 0, 0 ),
"name": "DEF-palm.04.L",
"parent": 86,
"parent_name": "DEF-hand.L",
"pose": Transform( 1, 0, 0, 0, 1, 0, 0, 0, 1, 0, 0, 0 ),
"rest": Transform( 0.228561, 0.0392081, 0.97274, -0.18848, 0.982066, 0.00470249, -0.95511, -0.184417, 0.231852, 0.000658102, 0.0328105, -0.0223928 )
},
96: {
"bone_rest_disabled": false,
"custom_pose": Transform( 1, 0, 0, 0, 1, 0, 0, 0, 1, 0, 0, 0 ),
"name": "DEF-f_ring.01.L",
"parent": 86,
"parent_name": "DEF-hand.L",
"pose": Transform( 1, 0, 0, 0, 1, 0, 0, 0, 1, 0, 0, 0 ),
"rest": Transform( 0.102347, 0.500288, 0.859789, 0.0279247, 0.862543, -0.505214, -0.994357, 0.0757164, 0.074308, -0.00607233, 0.0999282, -0.0143857 )
},
97: {
"bone_rest_disabled": false,
"custom_pose": Transform( 1, 0, 0, 0, 1, 0, 0, 0, 1, 0, 0, 0 ),
"name": "DEF-f_ring.02.L",
"parent": 96,
"parent_name": "DEF-f_ring.01.L",
"pose": Transform( 1, 0, 0, 0, 1, 0, 0, 0, 1, 0, 0, 0 ),
"rest": Transform( 0.999975, 0.0071031, 2.95753e-07, -0.007019, 0.988142, -0.153384, -0.0010898, 0.15338, 0.988167, 5.58792e-09, 0.0408545, 2.2236e-07 )
},
98: {
"bone_rest_disabled": false,
"custom_pose": Transform( 1, 0, 0, 0, 1, 0, 0, 0, 1, 0, 0, 0 ),
"name": "DEF-f_ring.03.L",
"parent": 97,
"parent_name": "DEF-f_ring.02.L",
"pose": Transform( 1, 0, 0, 0, 1, 0, 0, 0, 1, 0, 0, 0 ),
"rest": Transform( 0.999819, -0.0189123, 0.00225372, 0.0186504, 0.94817, -0.317214, 0.00386234, 0.317199, 0.948351, 9.83943e-09, 0.028989, 1.40565e-08 )
},
99: {
"bone_rest_disabled": false,
"custom_pose": Transform( 1, 0, 0, 0, 1, 0, 0, 0, 1, 0, 0, 0 ),
"name": "DEF-f_pinky.01.L",
"parent": 86,
"parent_name": "DEF-hand.L",
"pose": Transform( 1, 0, 0, 0, 1, 0, 0, 0, 1, 0, 0, 0 ),
"rest": Transform( 0.163495, 0.654447, 0.73822, -0.0583198, 0.753392, -0.654981, -0.984819, 0.0640332, 0.161343, 0.00333164, 0.0997763, -0.034968 )
},
100: {
"bone_rest_disabled": false,
"custom_pose": Transform( 1, 0, 0, 0, 1, 0, 0, 0, 1, 0, 0, 0 ),
"name": "DEF-f_pinky.02.L",
"parent": 99,
"parent_name": "DEF-f_pinky.01.L",
"pose": Transform( 1, 0, 0, 0, 1, 0, 0, 0, 1, 0, 0, 0 ),
"rest": Transform( 0.999965, 0.00836317, 8.86212e-08, -0.00832726, 0.995673, -0.0925562, -0.000774152, 0.092553, 0.995707, 7.45059e-09, 0.0254117, 7.65783e-08 )
},
101: {
"bone_rest_disabled": false,
"custom_pose": Transform( 1, 0, 0, 0, 1, 0, 0, 0, 1, 0, 0, 0 ),
"name": "DEF-f_pinky.03.L",
"parent": 100,
"parent_name": "DEF-f_pinky.02.L",
"pose": Transform( 1, 0, 0, 0, 1, 0, 0, 0, 1, 0, 0, 0 ),
"rest": Transform( 0.999782, -0.020817, 0.00145044, 0.020753, 0.984626, -0.17344, 0.00218235, 0.173432, 0.984843, -7.36088e-09, 0.0205951, 4.33019e-08 )
},
102: {
"bone_rest_disabled": false,
"custom_pose": Transform( 1, 0, 0, 0, 1, 0, 0, 0, 1, 0, 0, 0 ),
"name": "DEF-palm.01.L",
"parent": 86,
"parent_name": "DEF-hand.L",
"pose": Transform( 1, 0, 0, 0, 1, 0, 0, 0, 1, 0, 0, 0 ),
"rest": Transform( 0.204677, -0.0377424, 0.978102, 0.15048, 0.988591, 0.00665769, -0.967194, 0.145822, 0.208021, -0.0092277, 0.0359268, 0.0193853 )
},
103: {
"bone_rest_disabled": false,
"custom_pose": Transform( 1, 0, 0, 0, 1, 0, 0, 0, 1, 0, 0, 0 ),
"name": "DEF-thumb.01.L",
"parent": 86,
"parent_name": "DEF-hand.L",
"pose": Transform( 1, 0, 0, 0, 1, 0, 0, 0, 1, 0, 0, 0 ),
"rest": Transform( -0.90602, 0.325913, -0.270016, 0.123158, 0.813393, 0.568528, 0.40492, 0.481844, -0.777089, 0.0121231, 0.028092, 0.0259893 )
},
104: {
"bone_rest_disabled": false,
"custom_pose": Transform( 1, 0, 0, 0, 1, 0, 0, 0, 1, 0, 0, 0 ),
"name": "DEF-thumb.02.L",
"parent": 103,
"parent_name": "DEF-thumb.01.L",
